1 1 232 253 22 2 233 254 23 1
2 2 233 254 23 3 234 255 24 1
3 3 234 255 24 4 235 256 25 1
4 4 235 256 25 5 236 257 26 1
5 5 236 257 26 6 237 258 27 1
6 6 237 258 27 7 238 259 28 1
7 7 238 259 28 8 239 260 29 1
8 8 239 260 29 9 240 261 30 1
9 9 240 261 30 10 241 262 31 1
10 10 241 262 31 11 242 263 32 1
11 11 242 263 32 12 243 264 33 1
12 12 243 264 33 13 244 265 34 1
13 13 244 265 34 14 245 266 35 1
14 14 245 266 35 15 246 267 36 1
15 15 246 267 36 16 247 268 37 1
16 16 247 268 37 17 248 269 38 1
17 17 248 269 38 18 249 270 39 1
18 18 249 270 39 19 250 271 40 1
19 19 250 271 40 20 251 272 41 1
20 20 251 272 41 21 252 273 42 1
21 22 253 274 43 23 254 275 44 1
22 23 254 275 44 24 255 276 45 1
23 24 255 276 45 25 256 277 46 1
24 25 256 277 46 26 257 278 47 1
25 26 257 278 47 27 258 279 48 1
26 27 258 279 48 28 259 280 49 1
27 28 259 280 49 29 260 281 50 1
28 29 260 281 50 30 261 282 51 1
29 30 261 282 51 31 262 283 52 1
30 31 262 283 52 32 263 284 53 1
31 32 263 284 53 33 264 285 54 1
32 33 264 285 54 34 265 286 55 1
33 34 265 286 55 35 266 287 56 1
34 35 266 287 56 36 267 288 57 1
35 36 267 288 57 37 268 289 58 1
36 37 268 289 58 38 269 290 59 1
37 38 269 290 59 39 270 291 60 1
38 39 270 291 60 40 271 292 61 1
39 40 271 292 61 41 272 293 62 1
40 41 272 293 62 42 273 294 63 1
41 43 274 295 64 44 275 296 65 1
42 44 275 296 65 45 276 297 66 1
43 45 276 297 66 46 277 298 67 1
44 46 277 298 67 47 278 299 68 1
45 47 278 299 68 48 279 300 69 1
46 48 279 300 69 49 280 301 70 1
47 49 280 301 70 50 281 302 71 1
48 50 281 302 71 51 282 303 72 1
49 51 282 303 72 52 283 304 73 1
50 52 283 304 73 53 284 305 74 1
51 53 284 305 74 54 285 306 75 1
52 54 285 306 75 55 286 307 76 1
53 55 286 307 76 56 287 308 77 1
54 56 287 308 77 57 288 309 78 1
55 57 288 309 78 58 289 310 79 1
56 58 289 310 79 59 290 311 80 1
57 59 290 311 80 60 291 312 81 1
58 60 291 312 81 61 292 313 82 1
59 61 292 313 82 62 293 314 83 1
60 62 293 314 83 63 294 315 84 1
61 64 295 316 85 65 296 317 86 1
62 65 296 317 86 66 297 318 87 1
63 66 297 318 87 67 298 319 88 1
64 67 298 319 88 68 299 320 89 1
65 68 299 320 89 69 300 321 90 1
66 69 300 321 90 70 301 322 91 1
67 70 301 322 91 71 302 323 92 1
68 71 302 323 92 72 303 324 93 1
69 72 303 324 93 73 304 325 94 1
70 73 304 325 94 74 305 326 95 1
71 74 305 326 95 75 306 327 96 1
72 75 306 327 96 76 307 328 97 1
73 76 307 328 97 77 308 329 98 1
74 77 308 329 98 78 309 330 99 1
75 78 309 330 99 79 310 331 100 1
76 79 310 331 100 80 311 332 101 1
77 80 311 332 101 81 312 333 102 1
78 81 312 333 102 82 313 334 103 1
79 82 313 334 103 83 314 335 104 1
80 83 314 335 104 84 315 336 105 1
81 85 316 337 106 86 317 338 107 1
82 86 317 338 107 87 318 339 108 1
83 87 318 339 108 88 319 340 109 1
84 88 319 340 109 89 320 341 110 1
85 89 320 341 110 90 321 342 111 1
86 90 321 342 111 91 322 343 112 1
87 91 322 343 112 92 323 344 113 1
88 92 323 344 113 93 324 345 114 1
89 93 324 345 114 94 325 346 115 1
90 94 325 346 115 95 326 347 116 1
91 95 326 347 116 96 327 348 117 1
92 96 327 348 117 97 328 349 118 1
93 97 328 349 118 98 329 350 119 1
94 98 329 350 119 99 330 351 120 1
95 99 330 351 120 100 331 352 121 1
96 100 331 352 121 101 332 353 122 1
97 101 332 353 122 102 333 354 123 1
98 102 333 354 123 103 334 355 124 1
99 103 334 355 124 104 335 356 125 1
100 104 335 356 125 105 336 357 126 1
101 106 337 358 127 107 338 359 128 1
102 107 338 359 128 108 339 360 129 1
103 108 339 360 129 109 340 361 130 1
104 109 340 361 130 110 341 362 131 1
105 110 341 362 131 111 342 363 132 1
106 111 342 363 132 112 343 364 133 1
107 112 343 364 133 113 344 365 134 1
108 113 344 365 134 114 345 366 135 1
109 114 345 366 135 115 346 367 136 1
110 115 346 367 136 116 347 368 137 1
111 116 347 368 137 117 348 369 138 1
112 117 348 369 138 118 349 370 139 1
113 118 349 370 139 119 350 371 140 1
114 119 350 371 140 120 351 372 141 1
115 120 351 372 141 121 352 373 142 1
116 121 352 373 142 122 353 374 143 1
117 122 353 374 143 123 354 375 144 1
118 123 354 375 144 124 355 376 145 1
119 124 355 376 145 125 356 377 146 1
120 125 356 377 146 126 357 378 147 1
121 127 358 379 148 128 359 380 149 1
122 128 359 380 149 129 360 381 150 1
123 129 360 381 150 130 361 382 151 1
124 130 361 382 151 131 362 383 152 1
125 131 362 383 152 132 363 384 153 1
126 132 363 384 153 133 364 385 154 1
127 133 364 385 154 134 365 386 155 1
128 134 365 386 155 135 366 387 156 1
129 135 366 387 156 136 367 388 157 1
130 136 367 388 157 137 368 389 158 1
131 137 368 389 158 138 369 390 159 1
132 138 369 390 159 139 370 391 160 1
133 139 370 391 160 140 371 392 161 1
134 140 371 392 161 141 372 393 162 1
135 141 372 393 162 142 373 394 163 1
136 142 373 394 163 143 374 395 164 1
137 143 374 395 164 144 375 396 165 1
138 144 375 396 165 145 376 397 166 1
139 145 376 397 166 146 377 398 167 1
140 146 377 398 167 147 378 399 168 1
141 148 379 400 169 149 380 401 170 1
142 149 380 401 170 150 381 402 171 1
143 150 381 402 171 151 382 403 172 1
144 151 382 403 172 152 383 404 173 1
145 152 383 404 173 153 384 405 174 1
146 153 384 405 174 154 385 406 175 1
147 154 385 406 175 155 386 407 176 1
148 155 386 407 176 156 387 408 177 1
149 156 387 408 177 157 388 409 178 1
150 157 388 409 178 158 389 410 179 1
151 158 389 410 179 159 390 411 180 1
152 159 390 411 180 160 391 412 181 1
153 160 391 412 181 161 392 413 182 1
154 161 392 413 182 162 393 414 183 1
155 162 393 414 183 163 394 415 184 1
156 163 394 415 184 164 395 416 185 1
157 164 395 416 185 165 396 417 186 1
158 165 396 417 186 166 397 418 187 1
159 166 397 418 187 167 398 419 188 1
160 167 398 419 188 168 399 420 189 1
161 169 400 421 190 170 401 422 191 1
162 170 401 422 191 171 402 423 192 1
163 171 402 423 192 172 403 424 193 1
164 172 403 424 193 173 404 425 194 1
165 173 404 425 194 174 405 426 195 1
166 174 405 426 195 175 406 427 196 1
167 175 406 427 196 176 407 428 197 1
168 176 407 428 197 177 408 429 198 1
169 177 408 429 198 178 409 430 199 1
170 178 409 430 199 179 410 431 200 1
171 179 410 431 200 180 411 432 201 1
172 180 411 432 201 181 412 433 202 1
173 181 412 433 202 182 413 434 203 1
174 182 413 434 203 183 414 435 204 1
175 183 414 435 204 184 415 436 205 1
176 184 415 436 205 185 416 437 206 1
177 185 416 437 206 186 417 438 207 1
178 186 417 438 207 187 418 439 208 1
179 187 418 439 208 188 419 440 209 1
180 188 419 440 209 189 420 441 210 1
181 190 421 442 211 191 422 443 212 1
182 191 422 443 212 192 423 444 213 1
183 192 423 444 213 193 424 445 214 1
184 193 424 445 214 194 425 446 215 1
185 194 425 446 215 195 426 447 216 1
186 195 426 447 216 196 427 448 217 1
187 196 427 448 217 197 428 449 218 1
188 197 428 449 218 198 429 450 219 1
189 198 429 450 219 199 430 451 220 1
190 199 430 451 220 200 431 452 221 1
191 200 431 452 221 201 432 453 222 1
192 201 432 453 222 202 433 454 223 1
193 202 433 454 223 203 434 455 224 1
194 203 434 455 224 204 435 456 225 1
195 204 435 456 225 205 436 457 226 1
196 205 436 457 226 206 437 458 227 1
197 206 437 458 227 207 438 459 228 1
198 207 438 459 228 208 439 460 229 1
199 208 439 460 229 209 440 461 230 1
200 209 440 461 230 210 441 462 231 1
201 232 463 484 253 233 464 485 254 1
202 233 464 485 254 234 465 486 255 1
203 234 465 486 255 235 466 487 256 1
204 235 466 487 256 236 467 488 257 1
205 236 467 488 257 237 468 489 258 1
206 237 468 489 258 238 469 490 259 1
207 238 469 490 259 239 470 491 260 1
208 239 470 491 260 240 471 492 261 1
209 240 471 492 261 241 472 493 262 1
210 241 472 493 262 242 473 494 263 1
211 242 473 494 263 243 474 495 264 1
212 243 474 495 264 244 475 496 265 1
213 244 475 496 265 245 476 497 266 1
214 245 476 497 266 246 477 498 267 1
215 246 477 498 267 247 478 499 268 1
216 247 478 499 268 248 479 500 269 1
217 248 479 500 269 249 480 501 270 1
218 249 480 501 270 250 481 502 271 1
219 250 481 502 271 251 482 503 272 1
220 251 482 503 272 252 483 504 273 1
221 253 484 505 274 254 485 506 275 1
222 254 485 506 275 255 486 507 276 1
223 255 486 507 276 256 487 508 277 1
224 256 487 508 277 257 488 509 278 1
225 257 488 509 278 258 489 510 279 1
226 258 489 510 279 259 490 511 280 1
227 259 490 511 280 260 491 512 281 1
228 260 491 512 281 261 492 513 282 1
229 261 492 513 282 262 493 514 283 1
230 262 493 514 283 263 494 515 284 1
231 263 494 515 284 264 495 516 285 1
232 264 495 516 285 265 496 517 286 1
233 265 496 517 286 266 497 518 287 1
234 266 497 518 287 267 498 519 288 1
235 267 498 519 288 268 499 520 289 1
236 268 499 520 289 269 500 521 290 1
237 269 500 521 290 270 501 522 291 1
238 270 501 522 291 271 502 523 292 1
239 271 502 523 292 272 503 524 293 1
240 272 503 524 293 273 504 525 294 1
241 274 505 526 295 275 506 527 296 1
242 275 506 527 296 276 507 528 297 1
243 276 507 528 297 277 508 529 298 1
244 277 508 529 298 278 509 530 299 1
245 278 509 530 299 279 510 531 300 1
246 279 510 531 300 280 511 532 301 1
247 280 511 532 301 281 512 533 302 1
248 281 512 533 302 282 513 534 303 1
249 282 513 534 303 283 514 535 304 1
250 283 514 535 304 284 515 536 305 1
251 284 515 536 305 285 516 537 306 1
252 285 516 537 306 286 517 538 307 1
253 286 517 538 307 287 518 539 308 1
254 287 518 539 308 288 519 540 309 1
255 288 519 540 309 289 520 541 310 1
256 289 520 541 310 290 521 542 311 1
257 290 521 542 311 291 522 543 312 1
258 291 522 543 312 292 523 544 313 1
259 292 523 544 313 293 524 545 314 1
260 293 524 545 314 294 525 546 315 1
261 295 526 547 316 296 527 548 317 1
262 296 527 548 317 297 528 549 318 1
263 297 528 549 318 298 529 550 319 1
264 298 529 550 319 299 530 551 320 1
265 299 530 551 320 300 531 552 321 1
266 300 531 552 321 301 532 553 322 1
267 301 532 553 322 302 533 554 323 1
268 302 533 554 323 303 534 555 324 1
269 303 534 555 324 304 535 556 325 1
270 304 535 556 325 305 536 557 326 1
271 305 536 557 326 306 537 558 327 1
272 306 537 558 327 307 538 559 328 1
273 307 538 559 328 308 539 560 329 1
274 308 539 560 329 309 540 561 330 1
275 309 540 561 330 310 541 562 331 1
276 310 541 562 331 311 542 563 332 1
277 311 542 563 332 312 543 564 333 1
278 312 543 564 333 313 544 565 334 1
279 313 544 565 334 314 545 566 335 1
280 314 545 566 335 315 546 567 336 1
281 316 547 568 337 317 548 569 338 1
282 317 548 569 338 318 549 570 339 1
283 318 549 570 339 319 550 571 340 1
284 319 550 571 340 320 551 572 341 1
285 320 551 572 341 321 552 573 342 1
286 321 552 573 342 322 553 574 343 1
287 322 553 574 343 323 554 575 344 1
288 323 554 575 344 324 555 576 345 1
289 324 555 576 345 325 556 577 346 1
290 325 556 577 346 326 557 578 347 1
291 326 557 578 347 327 558 579 348 1
292 327 558 579 348 328 559 580 349 1
293 328 559 580 349 329 560 581 350 1
294 329 560 581 350 330 561 582 351 1
295 330 561 582 351 331 562 583 352 1
296 331 562 583 352 332 563 584 353 1
297 332 563 584 353 333 564 585 354 1
298 333 564 585 354 334 565 586 355 1
299 334 565 586 355 335 566 587 356 1
300 335 566 587 356 336 567 588 357 1
301 337 568 589 358 338 569 590 359 1
302 338 569 590 359 339 570 591 360 1
303 339 570 591 360 340 571 592 361 1
304 340 571 592 361 341 572 593 362 1
305 341 572 593 362 342 573 594 363 1
306 342 573 594 363 343 574 595 364 1
307 343 574 595 364 344 575 596 365 1
308 344 575 596 365 345 576 597 366 1
309 345 576 597 366 346 577 598 367 1
310 346 577 598 367 347 578 599 368 1
311 347 578 599 368 348 579 600 369 1
312 348 579 600 369 349 580 601 370 1
313 349 580 601 370 350 581 602 371 1
314 350 581 602 371 351 582 603 372 1
315 351 582 603 372 352 583 604 373 1
316 352 583 604 373 353 584 605 374 1
317 353 584 605 374 354 585 606 375 1
318 354 585 606 375 355 586 607 376 1
319 355 586 607 376 356 587 608 377 1
320 356 587 608 377 357 588 609 378 1
321 358 589 610 379 359 590 611 380 1
322 359 590 611 380 360 591 612 381 1
323 360 591 612 381 361 592 613 382 1
324 361 592 613 382 362 593 614 383 1
325 362 593 614 383 363 594 615 384 1
326 363 594 615 384 364 595 616 385 1
327 364 595 616 385 365 596 617 386 1
328 365 596 617 386 366 597 618 387 1
329 366 597 618 387 367 598 619 388 1
330 367 598 619 388 368 599 620 389 1
331 368 599 620 389 369 600 621 390 1
332 369 600 621 390 370 601 622 391 1
333 370 601 622 391 371 602 623 392 1
334 371 602 623 392 372 603 624 393 1
335 372 603 624 393 373 604 625 394 1
336 373 604 625 394 374 605 626 395 1
337 374 605 626 395 375 606 627 396 1
338 375 606 627 396 376 607 628 397 1
339 376 607 628 397 377 608 629 398 1
340 377 608 629 398 378 609 630 399 1
341 379 610 631 400 380 611 632 401 1
342 380 611 632 401 381 612 633 402 1
343 381 612 633 402 382 613 634 403 1
344 382 613 634 403 383 614 635 404 1
345 383 614 635 404 384 615 636 405 1
346 384 615 636 405 385 616 637 406 1
347 385 616 637 406 386 617 638 407 1
348 386 617 638 407 387 618 639 408 1
349 387 618 639 408 388 619 640 409 1
350 388 619 640 409 389 620 641 410 1
351 389 620 641 410 390 621 642 411 1
352 390 621 642 411 391 622 643 412 1
353 391 622 643 412 392 623 644 413 1
354 392 623 644 413 393 624 645 414 1
355 393 624 645 414 394 625 646 415 1
356 394 625 646 415 395 626 647 416 1
357 395 626 647 416 396 627 648 417 1
358 396 627 648 417 397 628 649 418 1
359 397 628 649 418 398 629 650 419 1
360 398 629 650 419 399 630 651 420 1
361 400 631 652 421 401 632 653 422 1
362 401 632 653 422 402 633 654 423 1
363 402 633 654 423 403 634 655 424 1
364 403 634 655 424 404 635 656 425 1
365 404 635 656 425 405 636 657 426 1
366 405 636 657 426 406 637 658 427 1
367 406 637 658 427 407 638 659 428 1
368 407 638 659 428 408 639 660 429 1
369 408 639 660 429 409 640 661 430 1
370 409 640 661 430 410 641 662 431 1
371 410 641 662 431 411 642 663 432 1
372 411 642 663 432 412 643 664 433 1
373 412 643 664 433 413 644 665 434 1
374 413 644 665 434 414 645 666 435 1
375 414 645 666 435 415 646 667 436 1
376 415 646 667 436 416 647 668 437 1
377 416 647 668 437 417 648 669 438 1
378 417 648 669 438 418 649 670 439 1
379 418 649 670 439 419 650 671 440 1
380 419 650 671 440 420 651 672 441 1
381 421 652 673 442 422 653 674 443 1
382 422 653 674 443 423 654 675 444 1
383 423 654 675 444 424 655 676 445 1
384 424 655 676 445 425 656 677 446 1
385 425 656 677 446 426 657 678 447 1
386 426 657 678 447 427 658 679 448 1
387 427 658 679 448 428 659 680 449 1
388 428 659 680 449 429 660 681 450 1
389 429 660 681 450 430 661 682 451 1
390 430 661 682 451 431 662 683 452 1
391 431 662 683 452 432 663 684 453 1
392 432 663 684 453 433 664 685 454 1
393 433 664 685 454 434 665 686 455 1
394 434 665 686 455 435 666 687 456 1
395 435 666 687 456 436 667 688 457 1
396 436 667 688 457 437 668 689 458 1
397 437 668 689 458 438 669 690 459 1
398 438 669 690 459 439 670 691 460 1
399 439 670 691 460 440 671 692 461 1
400 440 671 692 461 441 672 693 462 1
401 463 694 715 484 464 695 716 485 1
402 464 695 716 485 465 696 717 486 1
403 465 696 717 486 466 697 718 487 1
404 466 697 718 487 467 698 719 488 1
405 467 698 719 488 468 699 720 489 1
406 468 699 720 489 469 700 721 490 1
407 469 700 721 490 470 701 722 491 1
408 470 701 722 491 471 702 723 492 1
409 471 702 723 492 472 703 724 493 1
410 472 703 724 493 473 704 725 494 1
411 473 704 725 494 474 705 726 495 1
412 474 705 726 495 475 706 727 496 1
413 475 706 727 496 476 707 728 497 1
414 476 707 728 497 477 708 729 498 1
415 477 708 729 498 478 709 730 499 1
416 478 709 730 499 479 710 731 500 1
417 479 710 731 500 480 711 732 501 1
418 480 711 732 501 481 712 733 502 1
419 481 712 733 502 482 713 734 503 1
420 482 713 734 503 483 714 735 504 1
421 484 715 736 505 485 716 737 506 1
422 485 716 737 506 486 717 738 507 1
423 486 717 738 507 487 718 739 508 1
424 487 718 739 508 488 719 740 509 1
425 488 719 740 509 489 720 741 510 1
426 489 720 741 510 490 721 742 511 1
427 490 721 742 511 491 722 743 512 1
428 491 722 743 512 492 723 744 513 1
429 492 723 744 513 493 724 745 514 1
430 493 724 745 514 494 725 746 515 1
431 494 725 746 515 495 726 747 516 1
432 495 726 747 516 496 727 748 517 1
433 496 727 748 517 497 728 749 518 1
434 497 728 749 518 498 729 750 519 1
435 498 729 750 519 499 730 751 520 1
436 499 730 751 520 500 731 752 521 1
437 500 731 752 521 501 732 753 522 1
438 501 732 753 522 502 733 754 523 1
439 502 733 754 523 503 734 755 524 1
440 503 734 755 524 504 735 756 525 1
441 505 736 757 526 506 737 758 527 1
442 506 737 758 527 507 738 759 528 1
443 507 738 759 528 508 739 760 529 1
444 508 739 760 529 509 740 761 530 1
445 509 740 761 530 510 741 762 531 1
446 510 741 762 531 511 742 763 532 1
447 511 742 763 532 512 743 764 533 1
448 512 743 764 533 513 744 765 534 1
449 513 744 765 534 514 745 766 535 1
450 514 745 766 535 515 746 767 536 1
451 515 746 767 536 516 747 768 537 1
452 516 747 768 537 517 748 769 538 1
453 517 748 769 538 518 749 770 539 1
454 518 749 770 539 519 750 771 540 1
455 519 750 771 540 520 751 772 541 1
456 520 751 772 541 521 752 773 542 1
457 521 752 773 542 522 753 774 543 1
458 522 753 774 543 523 754 775 544 1
459 523 754 775 544 524 755 776 545 1
460 524 755 776 545 525 756 777 546 1
461 526 757 778 547 527 758 779 548 1
462 527 758 779 548 528 759 780 549 1
463 528 759 780 549 529 760 781 550 1
464 529 760 781 550 530 761 782 551 1
465 530 761 782 551 531 762 783 552 1
466 531 762 783 552 532 763 784 553 1
467 532 763 784 553 533 764 785 554 1
468 533 764 785 554 534 765 786 555 1
469 534 765 786 555 535 766 787 556 1
470 535 766 787 556 536 767 788 557 1
471 536 767 788 557 537 768 789 558 1
472 537 768 789 558 538 769 790 559 1
473 538 769 790 559 539 770 791 560 1
474 539 770 791 560 540 771 792 561 1
475 540 771 792 561 541 772 793 562 1
476 541 772 793 562 542 773 794 563 1
477 542 773 794 563 543 774 795 564 1
478 543 774 795 564 544 775 796 565 1
479 544 775 796 565 545 776 797 566 1
480 545 776 797 566 546 777 798 567 1
481 547 778 799 568 548 779 800 569 1
482 548 779 800 569 549 780 801 570 1
483 549 780 801 570 550 781 802 571 1
484 550 781 802 571 551 782 803 572 1
485 551 782 803 572 552 783 804 573 1
486 552 783 804 573 553 784 805 574 1
487 553 784 805 574 554 785 806 575 1
488 554 785 806 575 555 786 807 576 1
489 555 786 807 576 556 787 808 577 1
490 556 787 808 577 557 788 809 578 1
491 557 788 809 578 558 789 810 579 1
492 558 789 810 579 559 790 811 580 1
493 559 790 811 580 560 791 812 581 1
494 560 791 812 581 561 792 813 582 1
495 561 792 813 582 562 793 814 583 1
496 562 793 814 583 563 794 815 584 1
497 563 794 815 584 564 795 816 585 1
498 564 795 816 585 565 796 817 586 1
499 565 796 817 586 566 797 818 587 1
500 566 797 818 587 567 798 819 588 1
501 568 799 820 589 569 800 821 590 1
502 569 800 821 590 570 801 822 591 1
503 570 801 822 591 571 802 823 592 1
504 571 802 823 592 572 803 824 593 1
505 572 803 824 593 573 804 825 594 1
506 573 804 825 594 574 805 826 595 1
507 574 805 826 595 575 806 827 596 1
508 575 806 827 596 576 807 828 597 1
509 576 807 828 597 577 808 829 598 1
510 577 808 829 598 578 809 830 599 1
511 578 809 830 599 579 810 831 600 1
512 579 810 831 600 580 811 832 601 1
513 580 811 832 601 581 812 833 602 1
514 581 812 833 602 582 813 834 603 1
515 582 813 834 603 583 814 835 604 1
516 583 814 835 604 584 815 836 605 1
517 584 815 836 605 585 816 837 606 1
518 585 816 837 606 586 817 838 607 1
519 586 817 838 607 587 818 839 608 1
520 587 818 839 608 588 819 840 609 1
521 589 820 841 610 590 821 842 611 1
522 590 821 842 611 591 822 843 612 1
523 591 822 843 612 592 823 844 613 1
524 592 823 844 613 593 824 845 614 1
525 593 824 845 614 594 825 846 615 1
526 594 825 846 615 595 826 847 616 1
527 595 826 847 616 596 827 848 617 1
528 596 827 848 617 597 828 849 618 1
529 597 828 849 618 598 829 850 619 1
530 598 829 850 619 599 830 851 620 1
531 599 830 851 620 600 831 852 621 1
532 600 831 852 621 601 832 853 622 1
533 601 832 853 622 602 833 854 623 1
534 602 833 854 623 603 834 855 624 1
535 603 834 855 624 604 835 856 625 1
536 604 835 856 625 605 836 857 626 1
537 605 836 857 626 606 837 858 627 1
538 606 837 858 627 607 838 859 628 1
539 607 838 859 628 608 839 860 629 1
540 608 839 860 629 609 840 861 630 1
541 610 841 862 631 611 842 863 632 1
542 611 842 863 632 612 843 864 633 1
543 612 843 864 633 613 844 865 634 1
544 613 844 865 634 614 845 866 635 1
545 614 845 866 635 615 846 867 636 1
546 615 846 867 636 616 847 868 637 1
547 616 847 868 637 617 848 869 638 1
548 617 848 869 638 618 849 870 639 1
549 618 849 870 639 619 850 871 640 1
550 619 850 871 640 620 851 872 641 1
551 620 851 872 641 621 852 873 642 1
552 621 852 873 642 622 853 874 643 1
553 622 853 874 643 623 854 875 644 1
554 623 854 875 644 624 855 876 645 1
555 624 855 876 645 625 856 877 646 1
556 625 856 877 646 626 857 878 647 1
557 626 857 878 647 627 858 879 648 1
558 627 858 879 648 628 859 880 649 1
559 628 859 880 649 629 860 881 650 1
560 629 860 881 650 630 861 882 651 1
561 631 862 883 652 632 863 884 653 1
562 632 863 884 653 633 864 885 654 1
563 633 864 885 654 634 865 886 655 1
564 634 865 886 655 635 866 887 656 1
565 635 866 887 656 636 867 888 657 1
566 636 867 888 657 637 868 889 658 1
567 637 868 889 658 638 869 890 659 1
568 638 869 890 659 639 870 891 660 1
569 639 870 891 660 640 871 892 661 1
570 640 871 892 661 641 872 893 662 1
571 641 872 893 662 642 873 894 663 1
572 642 873 894 663 643 874 895 664 1
573 643 874 895 664 644 875 896 665 1
574 644 875 896 665 645 876 897 666 1
575 645 876 897 666 646 877 898 667 1
576 646 877 898 667 647 878 899 668 1
577 647 878 899 668 648 879 900 669 1
578 648 879 900 669 649 880 901 670 1
579 649 880 901 670 650 881 902 671 1
580 650 881 902 671 651 882 903 672 1
581 652 883 904 673 653 884 905 674 1
582 653 884 905 674 654 885 906 675 1
583 654 885 906 675 655 886 907 676 1
584 655 886 907 676 656 887 908 677 1
585 656 887 908 677 657 888 909 678 1
586 657 888 909 678 658 889 910 679 1
587 658 889 910 679 659 890 911 680 1
588 659 890 911 680 660 891 912 681 1
589 660 891 912 681 661 892 913 682 1
590 661 892 913 682 662 893 914 683 1
591 662 893 914 683 663 894 915 684 1
592 663 894 915 684 664 895 916 685 1
593 664 895 916 685 665 896 917 686 1
594 665 896 917 686 666 897 918 687 1
595 666 897 918 687 667 898 919 688 1
596 667 898 919 688 668 899 920 689 1
597 668 899 920 689 669 900 921 690 1
598 669 900 921 690 670 901 922 691 1
599 670 901 922 691 671 902 923 692 1
600 671 902 923 692 672 903 924 693 1
601 694 925 946 715 695 926 947 716 1
602 695 926 947 716 696 927 948 717 1
603 696 927 948 717 697 928 949 718 1
604 697 928 949 718 698 929 950 719 1
605 698 929 950 719 699 930 951 720 1
606 699 930 951 720 700 931 952 721 1
607 700 931 952 721 701 932 953 722 1
608 701 932 953 722 702 933 954 723 1
609 702 933 954 723 703 934 955 724 1
610 703 934 955 724 704 935 956 725 1
611 704 935 956 725 705 936 957 726 1
612 705 936 957 726 706 937 958 727 1
613 706 937 958 727 707 938 959 728 1
614 707 938 959 728 708 939 960 729 1
615 708 939 960 729 709 940 961 730 1
616 709 940 961 730 710 941 962 731 1
617 710 941 962 731 711 942 963 732 1
618 711 942 963 732 712 943 964 733 1
619 712 943 964 733 713 944 965 734 1
620 713 944 965 734 714 945 966 735 1
621 715 946 967 736 716 947 968 737 1
622 716 947 968 737 717 948 969 738 1
623 717 948 969 738 718 949 970 739 1
624 718 949 970 739 719 950 971 740 1
625 719 950 971 740 720 951 972 741 1
626 720 951 972 741 721 952 973 742 1
627 721 952 973 742 722 953 974 743 1
628 722 953 974 743 723 954 975 744 1
629 723 954 975 744 724 955 976 745 1
630 724 955 976 745 725 956 977 746 1
631 725 956 977 746 726 957 978 747 1
632 726 957 978 747 727 958 979 748 1
633 727 958 979 748 728 959 980 749 1
634 728 959 980 749 729 960 981 750 1
635 729 960 981 750 730 961 982 751 1
636 730 961 982 751 731 962 983 752 1
637 731 962 983 752 732 963 984 753 1
638 732 963 984 753 733 964 985 754 1
639 733 964 985 754 734 965 986 755 1
640 734 965 986 755 735 966 987 756 1
641 736 967 988 757 737 968 989 758 1
642 737 968 989 758 738 969 990 759 1
643 738 969 990 759 739 970 991 760 1
644 739 970 991 760 740 971 992 761 1
645 740 971 992 761 741 972 993 762 1
646 741 972 993 762 742 973 994 763 1
647 742 973 994 763 743 974 995 764 1
648 743 974 995 764 744 975 996 765 1
649 744 975 996 765 745 976 997 766 1
650 745 976 997 766 746 977 998 767 1
651 746 977 998 767 747 978 999 768 1
652 747 978 999 768 748 979 1000 769 1
653 748 979 1000 769 749 980 1001 770 1
654 749 980 1001 770 750 981 1002 771 1
655 750 981 1002 771 751 982 1003 772 1
656 751 982 1003 772 752 983 1004 773 1
657 752 983 1004 773 753 984 1005 774 1
658 753 984 1005 774 754 985 1006 775 1
659 754 985 1006 775 755 986 1007 776 1
660 755 986 1007 776 756 987 1008 777 1
661 757 988 1009 778 758 989 1010 779 1
662 758 989 1010 779 759 990 1011 780 1
663 759 990 1011 780 760 991 1012 781 1
664 760 991 1012 781 761 992 1013 782 1
665 761 992 1013 782 762 993 1014 783 1
666 762 993 1014 783 763 994 1015 784 1
667 763 994 1015 784 764 995 1016 785 1
668 764 995 1016 785 765 996 1017 786 1
669 765 996 1017 786 766 997 1018 787 1
670 766 997 1018 787 767 998 1019 788 1
671 767 998 1019 788 768 999 1020 789 1
672 768 999 1020 789 769 1000 1021 790 1
673 769 1000 1021 790 770 1001 1022 791 1
674 770 1001 1022 791 771 1002 1023 792 1
675 771 1002 1023 792 772 1003 1024 793 1
676 772 1003 1024 793 773 1004 1025 794 1
677 773 1004 1025 794 774 1005 1026 795 1
678 774 1005 1026 795 775 1006 1027 796 1
679 775 1006 1027 796 776 1007 1028 797 1
680 776 1007 1028 797 777 1008 1029 798 1
681 778 1009 1030 799 779 1010 1031 800 1
682 779 1010 1031 800 780 1011 1032 801 1
683 780 1011 1032 801 781 1012 1033 802 1
684 781 1012 1033 802 782 1013 1034 803 1
685 782 1013 1034 803 783 1014 1035 804 1
686 783 1014 1035 804 784 1015 1036 805 1
687 784 1015 1036 805 785 1016 1037 806 1
688 785 1016 1037 806 786 1017 1038 807 1
689 786 1017 1038 807 787 1018 1039 808 1
690 787 1018 1039 808 788 1019 1040 809 1
691 788 1019 1040 809 789 1020 1041 810 1
692 789 1020 1041 810 790 1021 1042 811 1
693 790 1021 1042 811 791 1022 1043 812 1
694 791 1022 1043 812 792 1023 1044 813 1
695 792 1023 1044 813 793 1024 1045 814 1
696 793 1024 1045 814 794 1025 1046 815 1
697 794 1025 1046 815 795 1026 1047 816 1
698 795 1026 1047 816 796 1027 1048 817 1
699 796 1027 1048 817 797 1028 1049 818 1
700 797 1028 1049 818 798 1029 1050 819 1
701 799 1030 1051 820 800 1031 1052 821 1
702 800 1031 1052 821 801 1032 1053 822 1
703 801 1032 1053 822 802 1033 1054 823 1
704 802 1033 1054 823 803 1034 1055 824 1
705 803 1034 1055 824 804 1035 1056 825 1
706 804 1035 1056 825 805 1036 1057 826 1
707 805 1036 1057 826 806 1037 1058 827 1
708 806 1037 1058 827 807 1038 1059 828 1
709 807 1038 1059 828 808 1039 1060 829 1
710 808 1039 1060 829 809 1040 1061 830 1
711 809 1040 1061 830 810 1041 1062 831 1
712 810 1041 1062 831 811 1042 1063 832 1
713 811 1042 1063 832 812 1043 1064 833 1
714 812 1043 1064 833 813 1044 1065 834 1
715 813 1044 1065 834 814 1045 1066 835 1
716 814 1045 1066 835 815 1046 1067 836 1
717 815 1046 1067 836 816 1047 1068 837 1
718 816 1047 1068 837 817 1048 1069 838 1
719 817 1048 1069 838 818 1049 1070 839 1
720 818 1049 1070 839 819 1050 1071 840 1
721 820 1051 1072 841 821 1052 1073 842 1
722 821 1052 1073 842 822 1053 1074 843 1
723 822 1053 1074 843 823 1054 1075 844 1
724 823 1054 1075 844 824 1055 1076 845 1
725 824 1055 1076 845 825 1056 1077 846 1
726 825 1056 1077 846 826 1057 1078 847 1
727 826 1057 1078 847 827 1058 1079 848 1
728 827 1058 1079 848 828 1059 1080 849 1
729 828 1059 1080 849 829 1060 1081 850 1
730 829 1060 1081 850 830 1061 1082 851 1
731 830 1061 1082 851 831 1062 1083 852 1
732 831 1062 1083 852 832 1063 1084 853 1
733 832 1063 1084 853 833 1064 1085 854 1
734 833 1064 1085 854 834 1065 1086 855 1
735 834 1065 1086 855 835 1066 1087 856 1
736 835 1066 1087 856 836 1067 1088 857 1
737 836 1067 1088 857 837 1068 1089 858 1
738 837 1068 1089 858 838 1069 1090 859 1
739 838 1069 1090 859 839 1070 1091 860 1
740 839 1070 1091 860 840 1071 1092 861 1
741 841 1072 1093 862 842 1073 1094 863 1
742 842 1073 1094 863 843 1074 1095 864 1
743 843 1074 1095 864 844 1075 1096 865 1
744 844 1075 1096 865 845 1076 1097 866 1
745 845 1076 1097 866 846 1077 1098 867 1
746 846 1077 1098 867 847 1078 1099 868 1
747 847 1078 1099 868 848 1079 1100 869 1
748 848 1079 1100 869 849 1080 1101 870 1
749 849 1080 1101 870 850 1081 1102 871 1
750 850 1081 1102 871 851 1082 1103 872 1
751 851 1082 1103 872 852 1083 1104 873 1
752 852 1083 1104 873 853 1084 1105 874 1
753 853 1084 1105 874 854 1085 1106 875 1
754 854 1085 1106 875 855 1086 1107 876 1
755 855 1086 1107 876 856 1087 1108 877 1
756 856 1087 1108 877 857 1088 1109 878 1
757 857 1088 1109 878 858 1089 1110 879 1
758 858 1089 1110 879 859 1090 1111 880 1
759 859 1090 1111 880 860 1091 1112 881 1
760 860 1091 1112 881 861 1092 1113 882 1
761 862 1093 1114 883 863 1094 1115 884 1
762 863 1094 1115 884 864 1095 1116 885 1
763 864 1095 1116 885 865 1096 1117 886 1
764 865 1096 1117 886 866 1097 1118 887 1
765 866 1097 1118 887 867 1098 1119 888 1
766 867 1098 1119 888 868 1099 1120 889 1
767 868 1099 1120 889 869 1100 1121 890 1
768 869 1100 1121 890 870 1101 1122 891 1
769 870 1101 1122 891 871 1102 1123 892 1
770 871 1102 1123 892 872 1103 1124 893 1
771 872 1103 1124 893 873 1104 1125 894 1
772 873 1104 1125 894 874 1105 1126 895 1
773 874 1105 1126 895 875 1106 1127 896 1
774 875 1106 1127 896 876 1107 1128 897 1
775 876 1107 1128 897 877 1108 1129 898 1
776 877 1108 1129 898 878 1109 1130 899 1
777 878 1109 1130 899 879 1110 1131 900 1
778 879 1110 1131 900 880 1111 1132 901 1
779 880 1111 1132 901 881 1112 1133 902 1
780 881 1112 1133 902 882 1113 1134 903 1
781 883 1114 1135 904 884 1115 1136 905 1
782 884 1115 1136 905 885 1116 1137 906 1
783 885 1116 1137 906 886 1117 1138 907 1
784 886 1117 1138 907 887 1118 1139 908 1
785 887 1118 1139 908 888 1119 1140 909 1
786 888 1119 1140 909 889 1120 1141 910 1
787 889 1120 1141 910 890 1121 1142 911 1
788 890 1121 1142 911 891 1122 1143 912 1
789 891 1122 1143 912 892 1123 1144 913 1
790 892 1123 1144 913 893 1124 1145 914 1
791 893 1124 1145 914 894 1125 1146 915 1
792 894 1125 1146 915 895 1126 1147 916 1
793 895 1126 1147 916 896 1127 1148 917 1
794 896 1127 1148 917 897 1128 1149 918 1
795 897 1128 1149 918 898 1129 1150 919 1
796 898 1129 1150 919 899 1130 1151 920 1
797 899 1130 1151 920 900 1131 1152 921 1
798 900 1131 1152 921 901 1132 1153 922 1
799 901 1132 1153 922 902 1133 1154 923 1
800 902 1133 1154 923 903 1134 1155 924 1
801 925 1156 1177 946 926 1157 1178 947 1
802 926 1157 1178 947 927 1158 1179 948 1
803 927 1158 1179 948 928 1159 1180 949 1
804 928 1159 1180 949 929 1160 1181 950 1
805 929 1160 1181 950 930 1161 1182 951 1
806 930 1161 1182 951 931 1162 1183 952 1
807 931 1162 1183 952 932 1163 1184 953 1
808 932 1163 1184 953 933 1164 1185 954 1
809 933 1164 1185 954 934 1165 1186 955 1
810 934 1165 1186 955 935 1166 1187 956 1
811 935 1166 1187 956 936 1167 1188 957 1
812 936 1167 1188 957 937 1168 1189 958 1
813 937 1168 1189 958 938 1169 1190 959 1
814 938 1169 1190 959 939 1170 1191 960 1
815 939 1170 1191 960 940 1171 1192 961 1
816 940 1171 1192 961 941 1172 1193 962 1
817 941 1172 1193 962 942 1173 1194 963 1
818 942 1173 1194 963 943 1174 1195 964 1
819 943 1174 1195 964 944 1175 1196 965 1
820 944 1175 1196 965 945 1176 1197 966 1
821 946 1177 1198 967 947 1178 1199 968 1
822 947 1178 1199 968 948 1179 1200 969 1
823 948 1179 1200 969 949 1180 1201 970 1
824 949 1180 1201 970 950 1181 1202 971 1
825 950 1181 1202 971 951 1182 1203 972 1
826 951 1182 1203 972 952 1183 1204 973 1
827 952 1183 1204 973 953 1184 1205 974 1
828 953 1184 1205 974 954 1185 1206 975 1
829 954 1185 1206 975 955 1186 1207 976 1
830 955 1186 1207 976 956 1187 1208 977 1
831 956 1187 1208 977 957 1188 1209 978 1
832 957 1188 1209 978 958 1189 1210 979 1
833 958 1189 1210 979 959 1190 1211 980 1
834 959 1190 1211 980 960 1191 1212 981 1
835 960 1191 1212 981 961 1192 1213 982 1
836 961 1192 1213 982 962 1193 1214 983 1
837 962 1193 1214 983 963 1194 1215 984 1
838 963 1194 1215 984 964 1195 1216 985 1
839 964 1195 1216 985 965 1196 1217 986 1
840 965 1196 1217 986 966 1197 1218 987 1
841 967 1198 1219 988 968 1199 1220 989 1
842 968 1199 1220 989 969 1200 1221 990 1
843 969 1200 1221 990 970 1201 1222 991 1
844 970 1201 1222 991 971 1202 1223 992 1
845 971 1202 1223 992 972 1203 1224 993 1
846 972 1203 1224 993 973 1204 1225 994 1
847 973 1204 1225 994 974 1205 1226 995 1
848 974 1205 1226 995 975 1206 1227 996 1
849 975 1206 1227 996 976 1207 1228 997 1
850 976 1207 1228 997 977 1208 1229 998 1
851 977 1208 1229 998 978 1209 1230 999 1
852 978 1209 1230 999 979 1210 1231 1000 1
853 979 1210 1231 1000 980 1211 1232 1001 1
854 980 1211 1232 1001 981 1212 1233 1002 1
855 981 1212 1233 1002 982 1213 1234 1003 1
856 982 1213 1234 1003 983 1214 1235 1004 1
857 983 1214 1235 1004 984 1215 1236 1005 1
858 984 1215 1236 1005 985 1216 1237 1006 1
859 985 1216 1237 1006 986 1217 1238 1007 1
860 986 1217 1238 1007 987 1218 1239 1008 1
861 988 1219 1240 1009 989 1220 1241 1010 1
862 989 1220 1241 1010 990 1221 1242 1011 1
863 990 1221 1242 1011 991 1222 1243 1012 1
864 991 1222 1243 1012 992 1223 1244 1013 1
865 992 1223 1244 1013 993 1224 1245 1014 1
866 993 1224 1245 1014 994 1225 1246 1015 1
867 994 1225 1246 1015 995 1226 1247 1016 1
868 995 1226 1247 1016 996 1227 1248 1017 1
869 996 1227 1248 1017 997 1228 1249 1018 1
870 997 1228 1249 1018 998 1229 1250 1019 1
871 998 1229 1250 1019 999 1230 1251 1020 1
872 999 1230 1251 1020 1000 1231 1252 1021 1
873 1000 1231 1252 1021 1001 1232 1253 1022 1
874 1001 1232 1253 1022 1002 1233 1254 1023 1
875 1002 1233 1254 1023 1003 1234 1255 1024 1
876 1003 1234 1255 1024 1004 1235 1256 1025 1
877 1004 1235 1256 1025 1005 1236 1257 1026 1
878 1005 1236 1257 1026 1006 1237 1258 1027 1
879 1006 1237 1258 1027 1007 1238 1259 1028 1
880 1007 1238 1259 1028 1008 1239 1260 1029 1
881 1009 1240 1261 1030 1010 1241 1262 1031 1
882 1010 1241 1262 1031 1011 1242 1263 1032 1
883 1011 1242 1263 1032 1012 1243 1264 1033 1
884 1012 1243 1264 1033 1013 1244 1265 1034 1
885 1013 1244 1265 1034 1014 1245 1266 1035 1
886 1014 1245 1266 1035 1015 1246 1267 1036 1
887 1015 1246 1267 1036 1016 1247 1268 1037 1
888 1016 1247 1268 1037 1017 1248 1269 1038 1
889 1017 1248 1269 1038 1018 1249 1270 1039 1
890 1018 1249 1270 1039 1019 1250 1271 1040 1
891 1019 1250 1271 1040 1020 1251 1272 1041 1
892 1020 1251 1272 1041 1021 1252 1273 1042 1
893 1021 1252 1273 1042 1022 1253 1274 1043 1
894 1022 1253 1274 1043 1023 1254 1275 1044 1
895 1023 1254 1275 1044 1024 1255 1276 1045 1
896 1024 1255 1276 1045 1025 1256 1277 1046 1
897 1025 1256 1277 1046 1026 1257 1278 1047 1
898 1026 1257 1278 1047 1027 1258 1279 1048 1
899 1027 1258 1279 1048 1028 1259 1280 1049 1
900 1028 1259 1280 1049 1029 1260 1281 1050 1
901 1030 1261 1282 1051 1031 1262 1283 1052 1
902 1031 1262 1283 1052 1032 1263 1284 1053 1
903 1032 1263 1284 1053 1033 1264 1285 1054 1
904 1033 1264 1285 1054 1034 1265 1286 1055 1
905 1034 1265 1286 1055 1035 1266 1287 1056 1
906 1035 1266 1287 1056 1036 1267 1288 1057 1
907 1036 1267 1288 1057 1037 1268 1289 1058 1
908 1037 1268 1289 1058 1038 1269 1290 1059 1
909 1038 1269 1290 1059 1039 1270 1291 1060 1
910 1039 1270 1291 1060 1040 1271 1292 1061 1
911 1040 1271 1292 1061 1041 1272 1293 1062 1
912 1041 1272 1293 1062 1042 1273 1294 1063 1
913 1042 1273 1294 1063 1043 1274 1295 1064 1
914 1043 1274 1295 1064 1044 1275 1296 1065 1
915 1044 1275 1296 1065 1045 1276 1297 1066 1
916 1045 1276 1297 1066 1046 1277 1298 1067 1
917 1046 1277 1298 1067 1047 1278 1299 1068 1
918 1047 1278 1299 1068 1048 1279 1300 1069 1
919 1048 1279 1300 1069 1049 1280 1301 1070 1
920 1049 1280 1301 1070 1050 1281 1302 1071 1
921 1051 1282 1303 1072 1052 1283 1304 1073 1
922 1052 1283 1304 1073 1053 1284 1305 1074 1
923 1053 1284 1305 1074 1054 1285 1306 1075 1
924 1054 1285 1306 1075 1055 1286 1307 1076 1
925 1055 1286 1307 1076 1056 1287 1308 1077 1
926 1056 1287 1308 1077 1057 1288 1309 1078 1
927 1057 1288 1309 1078 1058 1289 1310 1079 1
928 1058 1289 1310 1079 1059 1290 1311 1080 1
929 1059 1290 1311 1080 1060 1291 1312 1081 1
930 1060 1291 1312 1081 1061 1292 1313 1082 1
931 1061 1292 1313 1082 1062 1293 1314 1083 1
932 1062 1293 1314 1083 1063 1294 1315 1084 1
933 1063 1294 1315 1084 1064 1295 1316 1085 1
934 1064 1295 1316 1085 1065 1296 1317 1086 1
935 1065 1296 1317 1086 1066 1297 1318 1087 1
936 1066 1297 1318 1087 1067 1298 1319 1088 1
937 1067 1298 1319 1088 1068 1299 1320 1089 1
938 1068 1299 1320 1089 1069 1300 1321 1090 1
939 1069 1300 1321 1090 1070 1301 1322 1091 1
940 1070 1301 1322 1091 1071 1302 1323 1092 1
941 1072 1303 1324 1093 1073 1304 1325 1094 1
942 1073 1304 1325 1094 1074 1305 1326 1095 1
943 1074 1305 1326 1095 1075 1306 1327 1096 1
944 1075 1306 1327 1096 1076 1307 1328 1097 1
945 1076 1307 1328 1097 1077 1308 1329 1098 1
946 1077 1308 1329 1098 1078 1309 1330 1099 1
947 1078 1309 1330 1099 1079 1310 1331 1100 1
948 1079 1310 1331 1100 1080 1311 1332 1101 1
949 1080 1311 1332 1101 1081 1312 1333 1102 1
950 1081 1312 1333 1102 1082 1313 1334 1103 1
951 1082 1313 1334 1103 1083 1314 1335 1104 1
952 1083 1314 1335 1104 1084 1315 1336 1105 1
953 1084 1315 1336 1105 1085 1316 1337 1106 1
954 1085 1316 1337 1106 1086 1317 1338 1107 1
955 1086 1317 1338 1107 1087 1318 1339 1108 1
956 1087 1318 1339 1108 1088 1319 1340 1109 1
957 1088 1319 1340 1109 1089 1320 1341 1110 1
958 1089 1320 1341 1110 1090 1321 1342 1111 1
959 1090 1321 1342 1111 1091 1322 1343 1112 1
960 1091 1322 1343 1112 1092 1323 1344 1113 1
961 1093 1324 1345 1114 1094 1325 1346 1115 1
962 1094 1325 1346 1115 1095 1326 1347 1116 1
963 1095 1326 1347 1116 1096 1327 1348 1117 1
964 1096 1327 1348 1117 1097 1328 1349 1118 1
965 1097 1328 1349 1118 1098 1329 1350 1119 1
966 1098 1329 1350 1119 1099 1330 1351 1120 1
967 1099 1330 1351 1120 1100 1331 1352 1121 1
968 1100 1331 1352 1121 1101 1332 1353 1122 1
969 1101 1332 1353 1122 1102 1333 1354 1123 1
970 1102 1333 1354 1123 1103 1334 1355 1124 1
971 1103 1334 1355 1124 1104 1335 1356 1125 1
972 1104 1335 1356 1125 1105 1336 1357 1126 1
973 1105 1336 1357 1126 1106 1337 1358 1127 1
974 1106 1337 1358 1127 1107 1338 1359 1128 1
975 1107 1338 1359 1128 1108 1339 1360 1129 1
976 1108 1339 1360 1129 1109 1340 1361 1130 1
977 1109 1340 1361 1130 1110 1341 1362 1131 1
978 1110 1341 1362 1131 1111 1342 1363 1132 1
979 1111 1342 1363 1132 1112 1343 1364 1133 1
980 1112 1343 1364 1133 1113 1344 1365 1134 1
981 1114 1345 1366 1135 1115 1346 1367 1136 1
982 1115 1346 1367 1136 1116 1347 1368 1137 1
983 1116 1347 1368 1137 1117 1348 1369 1138 1
984 1117 1348 1369 1138 1118 1349 1370 1139 1
985 1118 1349 1370 1139 1119 1350 1371 1140 1
986 1119 1350 1371 1140 1120 1351 1372 1141 1
987 1120 1351 1372 1141 1121 1352 1373 1142 1
988 1121 1352 1373 1142 1122 1353 1374 1143 1
989 1122 1353 1374 1143 1123 1354 1375 1144 1
990 1123 1354 1375 1144 1124 1355 1376 1145 1
991 1124 1355 1376 1145 1125 1356 1377 1146 1
992 1125 1356 1377 1146 1126 1357 1378 1147 1
993 1126 1357 1378 1147 1127 1358 1379 1148 1
994 1127 1358 1379 1148 1128 1359 1380 1149 1
995 1128 1359 1380 1149 1129 1360 1381 1150 1
996 1129 1360 1381 1150 1130 1361 1382 1151 1
997 1130 1361 1382 1151 1131 1362 1383 1152 1
998 1131 1362 1383 1152 1132 1363 1384 1153 1
999 1132 1363 1384 1153 1133 1364 1385 1154 1
1000 1133 1364 1385 1154 1134 1365 1386 1155 1
1001 1156 1387 1408 1177 1157 1388 1409 1178 1
1002 1157 1388 1409 1178 1158 1389 1410 1179 1
1003 1158 1389 1410 1179 1159 1390 1411 1180 1
1004 1159 1390 1411 1180 1160 1391 1412 1181 1
1005 1160 1391 1412 1181 1161 1392 1413 1182 1
1006 1161 1392 1413 1182 1162 1393 1414 1183 1
1007 1162 1393 1414 1183 1163 1394 1415 1184 1
1008 1163 1394 1415 1184 1164 1395 1416 1185 1
1009 1164 1395 1416 1185 1165 1396 1417 1186 1
1010 1165 1396 1417 1186 1166 1397 1418 1187 1
1011 1166 1397 1418 1187 1167 1398 1419 1188 1
1012 1167 1398 1419 1188 1168 1399 1420 1189 1
1013 1168 1399 1420 1189 1169 1400 1421 1190 1
1014 1169 1400 1421 1190 1170 1401 1422 1191 1
1015 1170 1401 1422 1191 1171 1402 1423 1192 1
1016 1171 1402 1423 1192 1172 1403 1424 1193 1
1017 1172 1403 1424 1193 1173 1404 1425 1194 1
1018 1173 1404 1425 1194 1174 1405 1426 1195 1
1019 1174 1405 1426 1195 1175 1406 1427 1196 1
1020 1175 1406 1427 1196 1176 1407 1428 1197 1
1021 1177 1408 1429 1198 1178 1409 1430 1199 1
1022 1178 1409 1430 1199 1179 1410 1431 1200 1
1023 1179 1410 1431 1200 1180 1411 1432 1201 1
1024 1180 1411 1432 1201 1181 1412 1433 1202 1
1025 1181 1412 1433 1202 1182 1413 1434 1203 1
1026 1182 1413 1434 1203 1183 1414 1435 1204 1
1027 1183 1414 1435 1204 1184 1415 1436 1205 1
1028 1184 1415 1436 1205 1185 1416 1437 1206 1
1029 1185 1416 1437 1206 1186 1417 1438 1207 1
1030 1186 1417 1438 1207 1187 1418 1439 1208 1
1031 1187 1418 1439 1208 1188 1419 1440 1209 1
1032 1188 1419 1440 1209 1189 1420 1441 1210 1
1033 1189 1420 1441 1210 1190 1421 1442 1211 1
1034 1190 1421 1442 1211 1191 1422 1443 1212 1
1035 1191 1422 1443 1212 1192 1423 1444 1213 1
1036 1192 1423 1444 1213 1193 1424 1445 1214 1
1037 1193 1424 1445 1214 1194 1425 1446 1215 1
1038 1194 1425 1446 1215 1195 1426 1447 1216 1
1039 1195 1426 1447 1216 1196 1427 1448 1217 1
1040 1196 1427 1448 1217 1197 1428 1449 1218 1
1041 1198 1429 1450 1219 1199 1430 1451 1220 1
1042 1199 1430 1451 1220 1200 1431 1452 1221 1
1043 1200 1431 1452 1221 1201 1432 1453 1222 1
1044 1201 1432 1453 1222 1202 1433 1454 1223 1
1045 1202 1433 1454 1223 1203 1434 1455 1224 1
1046 1203 1434 1455 1224 1204 1435 1456 1225 1
1047 1204 1435 1456 1225 1205 1436 1457 1226 1
1048 1205 1436 1457 1226 1206 1437 1458 1227 1
1049 1206 1437 1458 1227 1207 1438 1459 1228 1
1050 1207 1438 1459 1228 1208 1439 1460 1229 1
1051 1208 1439 1460 1229 1209 1440 1461 1230 1
1052 1209 1440 1461 1230 1210 1441 1462 1231 1
1053 1210 1441 1462 1231 1211 1442 1463 1232 1
1054 1211 1442 1463 1232 1212 1443 1464 1233 1
1055 1212 1443 1464 1233 1213 1444 1465 1234 1
1056 1213 1444 1465 1234 1214 1445 1466 1235 1
1057 1214 1445 1466 1235 1215 1446 1467 1236 1
1058 1215 1446 1467 1236 1216 1447 1468 1237 1
1059 1216 1447 1468 1237 1217 1448 1469 1238 1
1060 1217 1448 1469 1238 1218 1449 1470 1239 1
1061 1219 1450 1471 1240 1220 1451 1472 1241 1
1062 1220 1451 1472 1241 1221 1452 1473 1242 1
1063 1221 1452 1473 1242 1222 1453 1474 1243 1
1064 1222 1453 1474 1243 1223 1454 1475 1244 1
1065 1223 1454 1475 1244 1224 1455 1476 1245 1
1066 1224 1455 1476 1245 1225 1456 1477 1246 1
1067 1225 1456 1477 1246 1226 1457 1478 1247 1
1068 1226 1457 1478 1247 1227 1458 1479 1248 1
1069 1227 1458 1479 1248 1228 1459 1480 1249 1
1070 1228 1459 1480 1249 1229 1460 1481 1250 1
1071 1229 1460 1481 1250 1230 1461 1482 1251 1
1072 1230 1461 1482 1251 1231 1462 1483 1252 1
1073 1231 1462 1483 1252 1232 1463 1484 1253 1
1074 1232 1463 1484 1253 1233 1464 1485 1254 1
1075 1233 1464 1485 1254 1234 1465 1486 1255 1
1076 1234 1465 1486 1255 1235 1466 1487 1256 1
1077 1235 1466 1487 1256 1236 1467 1488 1257 1
1078 1236 1467 1488 1257 1237 1468 1489 1258 1
1079 1237 1468 1489 1258 1238 1469 1490 1259 1
1080 1238 1469 1490 1259 1239 1470 1491 1260 1
1081 1240 1471 1492 1261 1241 1472 1493 1262 1
1082 1241 1472 1493 1262 1242 1473 1494 1263 1
1083 1242 1473 1494 1263 1243 1474 1495 1264 1
1084 1243 1474 1495 1264 1244 1475 1496 1265 1
1085 1244 1475 1496 1265 1245 1476 1497 1266 1
1086 1245 1476 1497 1266 1246 1477 1498 1267 1
1087 1246 1477 1498 1267 1247 1478 1499 1268 1
1088 1247 1478 1499 1268 1248 1479 1500 1269 1
1089 1248 1479 1500 1269 1249 1480 1501 1270 1
1090 1249 1480 1501 1270 1250 1481 1502 1271 1
1091 1250 1481 1502 1271 1251 1482 1503 1272 1
1092 1251 1482 1503 1272 1252 1483 1504 1273 1
1093 1252 1483 1504 1273 1253 1484 1505 1274 1
1094 1253 1484 1505 1274 1254 1485 1506 1275 1
1095 1254 1485 1506 1275 1255 1486 1507 1276 1
1096 1255 1486 1507 1276 1256 1487 1508 1277 1
1097 1256 1487 1508 1277 1257 1488 1509 1278 1
1098 1257 1488 1509 1278 1258 1489 1510 1279 1
1099 1258 1489 1510 1279 1259 1490 1511 1280 1
1100 1259 1490 1511 1280 1260 1491 1512 1281 1
1101 1261 1492 1513 1282 1262 1493 1514 1283 1
1102 1262 1493 1514 1283 1263 1494 1515 1284 1
1103 1263 1494 1515 1284 1264 1495 1516 1285 1
1104 1264 1495 1516 1285 1265 1496 1517 1286 1
1105 1265 1496 1517 1286 1266 1497 1518 1287 1
1106 1266 1497 1518 1287 1267 1498 1519 1288 1
1107 1267 1498 1519 1288 1268 1499 1520 1289 1
1108 1268 1499 1520 1289 1269 1500 1521 1290 1
1109 1269 1500 1521 1290 1270 1501 1522 1291 1
1110 1270 1501 1522 1291 1271 1502 1523 1292 1
1111 1271 1502 1523 1292 1272 1503 1524 1293 1
1112 1272 1503 1524 1293 1273 1504 1525 1294 1
1113 1273 1504 1525 1294 1274 1505 1526 1295 1
1114 1274 1505 1526 1295 1275 1506 1527 1296 1
1115 1275 1506 1527 1296 1276 1507 1528 1297 1
1116 1276 1507 1528 1297 1277 1508 1529 1298 1
1117 1277 1508 1529 1298 1278 1509 1530 1299 1
1118 1278 1509 1530 1299 1279 1510 1531 1300 1
1119 1279 1510 1531 1300 1280 1511 1532 1301 1
1120 1280 1511 1532 1301 1281 1512 1533 1302 1
1121 1282 1513 1534 1303 1283 1514 1535 1304 1
1122 1283 1514 1535 1304 1284 1515 1536 1305 1
1123 1284 1515 1536 1305 1285 1516 1537 1306 1
1124 1285 1516 1537 1306 1286 1517 1538 1307 1
1125 1286 1517 1538 1307 1287 1518 1539 1308 1
1126 1287 1518 1539 1308 1288 1519 1540 1309 1
1127 1288 1519 1540 1309 1289 1520 1541 1310 1
1128 1289 1520 1541 1310 1290 1521 1542 1311 1
1129 1290 1521 1542 1311 1291 1522 1543 1312 1
1130 1291 1522 1543 1312 1292 1523 1544 1313 1
1131 1292 1523 1544 1313 1293 1524 1545 1314 1
1132 1293 1524 1545 1314 1294 1525 1546 1315 1
1133 1294 1525 1546 1315 1295 1526 1547 1316 1
1134 1295 1526 1547 1316 1296 1527 1548 1317 1
1135 1296 1527 1548 1317 1297 1528 1549 1318 1
1136 1297 1528 1549 1318 1298 1529 1550 1319 1
1137 1298 1529 1550 1319 1299 1530 1551 1320 1
1138 1299 1530 1551 1320 1300 1531 1552 1321 1
1139 1300 1531 1552 1321 1301 1532 1553 1322 1
1140 1301 1532 1553 1322 1302 1533 1554 1323 1
1141 1303 1534 1555 1324 1304 1535 1556 1325 1
1142 1304 1535 1556 1325 1305 1536 1557 1326 1
1143 1305 1536 1557 1326 1306 1537 1558 1327 1
1144 1306 1537 1558 1327 1307 1538 1559 1328 1
1145 1307 1538 1559 1328 1308 1539 1560 1329 1
1146 1308 1539 1560 1329 1309 1540 1561 1330 1
1147 1309 1540 1561 1330 1310 1541 1562 1331 1
1148 1310 1541 1562 1331 1311 1542 1563 1332 1
1149 1311 1542 1563 1332 1312 1543 1564 1333 1
1150 1312 1543 1564 1333 1313 1544 1565 1334 1
1151 1313 1544 1565 1334 1314 1545 1566 1335 1
1152 1314 1545 1566 1335 1315 1546 1567 1336 1
1153 1315 1546 1567 1336 1316 1547 1568 1337 1
1154 1316 1547 1568 1337 1317 1548 1569 1338 1
1155 1317 1548 1569 1338 1318 1549 1570 1339 1
1156 1318 1549 1570 1339 1319 1550 1571 1340 1
1157 1319 1550 1571 1340 1320 1551 1572 1341 1
1158 1320 1551 1572 1341 1321 1552 1573 1342 1
1159 1321 1552 1573 1342 1322 1553 1574 1343 1
1160 1322 1553 1574 1343 1323 1554 1575 1344 1
1161 1324 1555 1576 1345 1325 1556 1577 1346 1
1162 1325 1556 1577 1346 1326 1557 1578 1347 1
1163 1326 1557 1578 1347 1327 1558 1579 1348 1
1164 1327 1558 1579 1348 1328 1559 1580 1349 1
1165 1328 1559 1580 1349 1329 1560 1581 1350 1
1166 1329 1560 1581 1350 1330 1561 1582 1351 1
1167 1330 1561 1582 1351 1331 1562 1583 1352 1
1168 1331 1562 1583 1352 1332 1563 1584 1353 1
1169 1332 1563 1584 1353 1333 1564 1585 1354 1
1170 1333 1564 1585 1354 1334 1565 1586 1355 1
1171 1334 1565 1586 1355 1335 1566 1587 1356 1
1172 1335 1566 1587 1356 1336 1567 1588 1357 1
1173 1336 1567 1588 1357 1337 1568 1589 1358 1
1174 1337 1568 1589 1358 1338 1569 1590 1359 1
1175 1338 1569 1590 1359 1339 1570 1591 1360 1
1176 1339 1570 1591 1360 1340 1571 1592 1361 1
1177 1340 1571 1592 1361 1341 1572 1593 1362 1
1178 1341 1572 1593 1362 1342 1573 1594 1363 1
1179 1342 1573 1594 1363 1343 1574 1595 1364 1
1180 1343 1574 1595 1364 1344 1575 1596 1365 1
1181 1345 1576 1597 1366 1346 1577 1598 1367 1
1182 1346 1577 1598 1367 1347 1578 1599 1368 1
1183 1347 1578 1599 1368 1348 1579 1600 1369 1
1184 1348 1579 1600 1369 1349 1580 1601 1370 1
1185 1349 1580 1601 1370 1350 1581 1602 1371 1
1186 1350 1581 1602 1371 1351 1582 1603 1372 1
1187 1351 1582 1603 1372 1352 1583 1604 1373 1
1188 1352 1583 1604 1373 1353 1584 1605 1374 1
1189 1353 1584 1605 1374 1354 1585 1606 1375 1
1190 1354 1585 1606 1375 1355 1586 1607 1376 1
1191 1355 1586 1607 1376 1356 1587 1608 1377 1
1192 1356 1587 1608 1377 1357 1588 1609 1378 1
1193 1357 1588 1609 1378 1358 1589 1610 1379 1
1194 1358 1589 1610 1379 1359 1590 1611 1380 1
1195 1359 1590 1611 1380 1360 1591 1612 1381 1
1196 1360 1591 1612 1381 1361 1592 1613 1382 1
1197 1361 1592 1613 1382 1362 1593 1614 1383 1
1198 1362 1593 1614 1383 1363 1594 1615 1384 1
1199 1363 1594 1615 1384 1364 1595 1616 1385 1
1200 1364 1595 1616 1385 1365 1596 1617 1386 1
1201 1387 1618 1639 1408 1388 1619 1640 1409 1
1202 1388 1619 1640 1409 1389 1620 1641 1410 1
1203 1389 1620 1641 1410 1390 1621 1642 1411 1
1204 1390 1621 1642 1411 1391 1622 1643 1412 1
1205 1391 1622 1643 1412 1392 1623 1644 1413 1
1206 1392 1623 1644 1413 1393 1624 1645 1414 1
1207 1393 1624 1645 1414 1394 1625 1646 1415 1
1208 1394 1625 1646 1415 1395 1626 1647 1416 1
1209 1395 1626 1647 1416 1396 1627 1648 1417 1
1210 1396 1627 1648 1417 1397 1628 1649 1418 1
1211 1397 1628 1649 1418 1398 1629 1650 1419 1
1212 1398 1629 1650 1419 1399 1630 1651 1420 1
1213 1399 1630 1651 1420 1400 1631 1652 1421 1
1214 1400 1631 1652 1421 1401 1632 1653 1422 1
1215 1401 1632 1653 1422 1402 1633 1654 1423 1
1216 1402 1633 1654 1423 1403 1634 1655 1424 1
1217 1403 1634 1655 1424 1404 1635 1656 1425 1
1218 1404 1635 1656 1425 1405 1636 1657 1426 1
1219 1405 1636 1657 1426 1406 1637 1658 1427 1
1220 1406 1637 1658 1427 1407 1638 1659 1428 1
1221 1408 1639 1660 1429 1409 1640 1661 1430 1
1222 1409 1640 1661 1430 1410 1641 1662 1431 1
1223 1410 1641 1662 1431 1411 1642 1663 1432 1
1224 1411 1642 1663 1432 1412 1643 1664 1433 1
1225 1412 1643 1664 1433 1413 1644 1665 1434 1
1226 1413 1644 1665 1434 1414 1645 1666 1435 1
1227 1414 1645 1666 1435 1415 1646 1667 1436 1
1228 1415 1646 1667 1436 1416 1647 1668 1437 1
1229 1416 1647 1668 1437 1417 1648 1669 1438 1
1230 1417 1648 1669 1438 1418 1649 1670 1439 1
1231 1418 1649 1670 1439 1419 1650 1671 1440 1
1232 1419 1650 1671 1440 1420 1651 1672 1441 1
1233 1420 1651 1672 1441 1421 1652 1673 1442 1
1234 1421 1652 1673 1442 1422 1653 1674 1443 1
1235 1422 1653 1674 1443 1423 1654 1675 1444 1
1236 1423 1654 1675 1444 1424 1655 1676 1445 1
1237 1424 1655 1676 1445 1425 1656 1677 1446 1
1238 1425 1656 1677 1446 1426 1657 1678 1447 1
1239 1426 1657 1678 1447 1427 1658 1679 1448 1
1240 1427 1658 1679 1448 1428 1659 1680 1449 1
1241 1429 1660 1681 1450 1430 1661 1682 1451 1
1242 1430 1661 1682 1451 1431 1662 1683 1452 1
1243 1431 1662 1683 1452 1432 1663 1684 1453 1
1244 1432 1663 1684 1453 1433 1664 1685 1454 1
1245 1433 1664 1685 1454 1434 1665 1686 1455 1
1246 1434 1665 1686 1455 1435 1666 1687 1456 1
1247 1435 1666 1687 1456 1436 1667 1688 1457 1
1248 1436 1667 1688 1457 1437 1668 1689 1458 1
1249 1437 1668 1689 1458 1438 1669 1690 1459 1
1250 1438 1669 1690 1459 1439 1670 1691 1460 1
1251 1439 1670 1691 1460 1440 1671 1692 1461 1
1252 1440 1671 1692 1461 1441 1672 1693 1462 1
1253 1441 1672 1693 1462 1442 1673 1694 1463 1
1254 1442 1673 1694 1463 1443 1674 1695 1464 1
1255 1443 1674 1695 1464 1444 1675 1696 1465 1
1256 1444 1675 1696 1465 1445 1676 1697 1466 1
1257 1445 1676 1697 1466 1446 1677 1698 1467 1
1258 1446 1677 1698 1467 1447 1678 1699 1468 1
1259 1447 1678 1699 1468 1448 1679 1700 1469 1
1260 1448 1679 1700 1469 1449 1680 1701 1470 1
1261 1450 1681 1702 1471 1451 1682 1703 1472 1
1262 1451 1682 1703 1472 1452 1683 1704 1473 1
1263 1452 1683 1704 1473 1453 1684 1705 1474 1
1264 1453 1684 1705 1474 1454 1685 1706 1475 1
1265 1454 1685 1706 1475 1455 1686 1707 1476 1
1266 1455 1686 1707 1476 1456 1687 1708 1477 1
1267 1456 1687 1708 1477 1457 1688 1709 1478 1
1268 1457 1688 1709 1478 1458 1689 1710 1479 1
1269 1458 1689 1710 1479 1459 1690 1711 1480 1
1270 1459 1690 1711 1480 1460 1691 1712 1481 1
1271 1460 1691 1712 1481 1461 1692 1713 1482 1
1272 1461 1692 1713 1482 1462 1693 1714 1483 1
1273 1462 1693 1714 1483 1463 1694 1715 1484 1
1274 1463 1694 1715 1484 1464 1695 1716 1485 1
1275 1464 1695 1716 1485 1465 1696 1717 1486 1
1276 1465 1696 1717 1486 1466 1697 1718 1487 1
1277 1466 1697 1718 1487 1467 1698 1719 1488 1
1278 1467 1698 1719 1488 1468 1699 1720 1489 1
1279 1468 1699 1720 1489 1469 1700 1721 1490 1
1280 1469 1700 1721 1490 1470 1701 1722 1491 1
1281 1471 1702 1723 1492 1472 1703 1724 1493 1
1282 1472 1703 1724 1493 1473 1704 1725 1494 1
1283 1473 1704 1725 1494 1474 1705 1726 1495 1
1284 1474 1705 1726 1495 1475 1706 1727 1496 1
1285 1475 1706 1727 1496 1476 1707 1728 1497 1
1286 1476 1707 1728 1497 1477 1708 1729 1498 1
1287 1477 1708 1729 1498 1478 1709 1730 1499 1
1288 1478 1709 1730 1499 1479 1710 1731 1500 1
1289 1479 1710 1731 1500 1480 1711 1732 1501 1
1290 1480 1711 1732 1501 1481 1712 1733 1502 1
1291 1481 1712 1733 1502 1482 1713 1734 1503 1
1292 1482 1713 1734 1503 1483 1714 1735 1504 1
1293 1483 1714 1735 1504 1484 1715 1736 1505 1
1294 1484 1715 1736 1505 1485 1716 1737 1506 1
1295 1485 1716 1737 1506 1486 1717 1738 1507 1
1296 1486 1717 1738 1507 1487 1718 1739 1508 1
1297 1487 1718 1739 1508 1488 1719 1740 1509 1
1298 1488 1719 1740 1509 1489 1720 1741 1510 1
1299 1489 1720 1741 1510 1490 1721 1742 1511 1
1300 1490 1721 1742 1511 1491 1722 1743 1512 1
1301 1492 1723 1744 1513 1493 1724 1745 1514 1
1302 1493 1724 1745 1514 1494 1725 1746 1515 1
1303 1494 1725 1746 1515 1495 1726 1747 1516 1
1304 1495 1726 1747 1516 1496 1727 1748 1517 1
1305 1496 1727 1748 1517 1497 1728 1749 1518 1
1306 1497 1728 1749 1518 1498 1729 1750 1519 1
1307 1498 1729 1750 1519 1499 1730 1751 1520 1
1308 1499 1730 1751 1520 1500 1731 1752 1521 1
1309 1500 1731 1752 1521 1501 1732 1753 1522 1
1310 1501 1732 1753 1522 1502 1733 1754 1523 1
1311 1502 1733 1754 1523 1503 1734 1755 1524 1
1312 1503 1734 1755 1524 1504 1735 1756 1525 1
1313 1504 1735 1756 1525 1505 1736 1757 1526 1
1314 1505 1736 1757 1526 1506 1737 1758 1527 1
1315 1506 1737 1758 1527 1507 1738 1759 1528 1
1316 1507 1738 1759 1528 1508 1739 1760 1529 1
1317 1508 1739 1760 1529 1509 1740 1761 1530 1
1318 1509 1740 1761 1530 1510 1741 1762 1531 1
1319 1510 1741 1762 1531 1511 1742 1763 1532 1
1320 1511 1742 1763 1532 1512 1743 1764 1533 1
1321 1513 1744 1765 1534 1514 1745 1766 1535 1
1322 1514 1745 1766 1535 1515 1746 1767 1536 1
1323 1515 1746 1767 1536 1516 1747 1768 1537 1
1324 1516 1747 1768 1537 1517 1748 1769 1538 1
1325 1517 1748 1769 1538 1518 1749 1770 1539 1
1326 1518 1749 1770 1539 1519 1750 1771 1540 1
1327 1519 1750 1771 1540 1520 1751 1772 1541 1
1328 1520 1751 1772 1541 1521 1752 1773 1542 1
1329 1521 1752 1773 1542 1522 1753 1774 1543 1
1330 1522 1753 1774 1543 1523 1754 1775 1544 1
1331 1523 1754 1775 1544 1524 1755 1776 1545 1
1332 1524 1755 1776 1545 1525 1756 1777 1546 1
1333 1525 1756 1777 1546 1526 1757 1778 1547 1
1334 1526 1757 1778 1547 1527 1758 1779 1548 1
1335 1527 1758 1779 1548 1528 1759 1780 1549 1
1336 1528 1759 1780 1549 1529 1760 1781 1550 1
1337 1529 1760 1781 1550 1530 1761 1782 1551 1
1338 1530 1761 1782 1551 1531 1762 1783 1552 1
1339 1531 1762 1783 1552 1532 1763 1784 1553 1
1340 1532 1763 1784 1553 1533 1764 1785 1554 1
1341 1534 1765 1786 1555 1535 1766 1787 1556 1
1342 1535 1766 1787 1556 1536 1767 1788 1557 1
1343 1536 1767 1788 1557 1537 1768 1789 1558 1
1344 1537 1768 1789 1558 1538 1769 1790 1559 1
1345 1538 1769 1790 1559 1539 1770 1791 1560 1
1346 1539 1770 1791 1560 1540 1771 1792 1561 1
1347 1540 1771 1792 1561 1541 1772 1793 1562 1
1348 1541 1772 1793 1562 1542 1773 1794 1563 1
1349 1542 1773 1794 1563 1543 1774 1795 1564 1
1350 1543 1774 1795 1564 1544 1775 1796 1565 1
1351 1544 1775 1796 1565 1545 1776 1797 1566 1
1352 1545 1776 1797 1566 1546 1777 1798 1567 1
1353 1546 1777 1798 1567 1547 1778 1799 1568 1
1354 1547 1778 1799 1568 1548 1779 1800 1569 1
1355 1548 1779 1800 1569 1549 1780 1801 1570 1
1356 1549 1780 1801 1570 1550 1781 1802 1571 1
1357 1550 1781 1802 1571 1551 1782 1803 1572 1
1358 1551 1782 1803 1572 1552 1783 1804 1573 1
1359 1552 1783 1804 1573 1553 1784 1805 1574 1
1360 1553 1784 1805 1574 1554 1785 1806 1575 1
1361 1555 1786 1807 1576 1556 1787 1808 1577 1
1362 1556 1787 1808 1577 1557 1788 1809 1578 1
1363 1557 1788 1809 1578 1558 1789 1810 1579 1
1364 1558 1789 1810 1579 1559 1790 1811 1580 1
1365 1559 1790 1811 1580 1560 1791 1812 1581 1
1366 1560 1791 1812 1581 1561 1792 1813 1582 1
1367 1561 1792 1813 1582 1562 1793 1814 1583 1
1368 1562 1793 1814 1583 1563 1794 1815 1584 1
1369 1563 1794 1815 1584 1564 1795 1816 1585 1
1370 1564 1795 1816 1585 1565 1796 1817 1586 1
1371 1565 1796 1817 1586 1566 1797 1818 1587 1
1372 1566 1797 1818 1587 1567 1798 1819 1588 1
1373 1567 1798 1819 1588 1568 1799 1820 1589 1
1374 1568 1799 1820 1589 1569 1800 1821 1590 1
1375 1569 1800 1821 1590 1570 1801 1822 1591 1
1376 1570 1801 1822 1591 1571 1802 1823 1592 1
1377 1571 1802 1823 1592 1572 1803 1824 1593 1
1378 1572 1803 1824 1593 1573 1804 1825 1594 1
1379 1573 1804 1825 1594 1574 1805 1826 1595 1
1380 1574 1805 1826 1595 1575 1806 1827 1596 1
1381 1576 1807 1828 1597 1577 1808 1829 1598 1
1382 1577 1808 1829 1598 1578 1809 1830 1599 1
1383 1578 1809 1830 1599 1579 1810 1831 1600 1
1384 1579 1810 1831 1600 1580 1811 1832 1601 1
1385 1580 1811 1832 1601 1581 1812 1833 1602 1
1386 1581 1812 1833 1602 1582 1813 1834 1603 1
1387 1582 1813 1834 1603 1583 1814 1835 1604 1
1388 1583 1814 1835 1604 1584 1815 1836 1605 1
1389 1584 1815 1836 1605 1585 1816 1837 1606 1
1390 1585 1816 1837 1606 1586 1817 1838 1607 1
1391 1586 1817 1838 1607 1587 1818 1839 1608 1
1392 1587 1818 1839 1608 1588 1819 1840 1609 1
1393 1588 1819 1840 1609 1589 1820 1841 1610 1
1394 1589 1820 1841 1610 1590 1821 1842 1611 1
1395 1590 1821 1842 1611 1591 1822 1843 1612 1
1396 1591 1822 1843 1612 1592 1823 1844 1613 1
1397 1592 1823 1844 1613 1593 1824 1845 1614 1
1398 1593 1824 1845 1614 1594 1825 1846 1615 1
1399 1594 1825 1846 1615 1595 1826 1847 1616 1
1400 1595 1826 1847 1616 1596 1827 1848 1617 1
1401 1618 1849 1870 1639 1619 1850 1871 1640 1
1402 1619 1850 1871 1640 1620 1851 1872 1641 1
1403 1620 1851 1872 1641 1621 1852 1873 1642 1
1404 1621 1852 1873 1642 1622 1853 1874 1643 1
1405 1622 1853 1874 1643 1623 1854 1875 1644 1
1406 1623 1854 1875 1644 1624 1855 1876 1645 1
1407 1624 1855 1876 1645 1625 1856 1877 1646 1
1408 1625 1856 1877 1646 1626 1857 1878 1647 1
1409 1626 1857 1878 1647 1627 1858 1879 1648 1
1410 1627 1858 1879 1648 1628 1859 1880 1649 1
1411 1628 1859 1880 1649 1629 1860 1881 1650 1
1412 1629 1860 1881 1650 1630 1861 1882 1651 1
1413 1630 1861 1882 1651 1631 1862 1883 1652 1
1414 1631 1862 1883 1652 1632 1863 1884 1653 1
1415 1632 1863 1884 1653 1633 1864 1885 1654 1
1416 1633 1864 1885 1654 1634 1865 1886 1655 1
1417 1634 1865 1886 1655 1635 1866 1887 1656 1
1418 1635 1866 1887 1656 1636 1867 1888 1657 1
1419 1636 1867 1888 1657 1637 1868 1889 1658 1
1420 1637 1868 1889 1658 1638 1869 1890 1659 1
1421 1639 1870 1891 1660 1640 1871 1892 1661 1
1422 1640 1871 1892 1661 1641 1872 1893 1662 1
1423 1641 1872 1893 1662 1642 1873 1894 1663 1
1424 1642 1873 1894 1663 1643 1874 1895 1664 1
1425 1643 1874 1895 1664 1644 1875 1896 1665 1
1426 1644 1875 1896 1665 1645 1876 1897 1666 1
1427 1645 1876 1897 1666 1646 1877 1898 1667 1
1428 1646 1877 1898 1667 1647 1878 1899 1668 1
1429 1647 1878 1899 1668 1648 1879 1900 1669 1
1430 1648 1879 1900 1669 1649 1880 1901 1670 1
1431 1649 1880 1901 1670 1650 1881 1902 1671 1
1432 1650 1881 1902 1671 1651 1882 1903 1672 1
1433 1651 1882 1903 1672 1652 1883 1904 1673 1
1434 1652 1883 1904 1673 1653 1884 1905 1674 1
1435 1653 1884 1905 1674 1654 1885 1906 1675 1
1436 1654 1885 1906 1675 1655 1886 1907 1676 1
1437 1655 1886 1907 1676 1656 1887 1908 1677 1
1438 1656 1887 1908 1677 1657 1888 1909 1678 1
1439 1657 1888 1909 1678 1658 1889 1910 1679 1
1440 1658 1889 1910 1679 1659 1890 1911 1680 1
1441 1660 1891 1912 1681 1661 1892 1913 1682 1
1442 1661 1892 1913 1682 1662 1893 1914 1683 1
1443 1662 1893 1914 1683 1663 1894 1915 1684 1
1444 1663 1894 1915 1684 1664 1895 1916 1685 1
1445 1664 1895 1916 1685 1665 1896 1917 1686 1
1446 1665 1896 1917 1686 1666 1897 1918 1687 1
1447 1666 1897 1918 1687 1667 1898 1919 1688 1
1448 1667 1898 1919 1688 1668 1899 1920 1689 1
1449 1668 1899 1920 1689 1669 1900 1921 1690 1
1450 1669 1900 1921 1690 1670 1901 1922 1691 1
1451 1670 1901 1922 1691 1671 1902 1923 1692 1
1452 1671 1902 1923 1692 1672 1903 1924 1693 1
1453 1672 1903 1924 1693 1673 1904 1925 1694 1
1454 1673 1904 1925 1694 1674 1905 1926 1695 1
1455 1674 1905 1926 1695 1675 1906 1927 1696 1
1456 1675 1906 1927 1696 1676 1907 1928 1697 1
1457 1676 1907 1928 1697 1677 1908 1929 1698 1
1458 1677 1908 1929 1698 1678 1909 1930 1699 1
1459 1678 1909 1930 1699 1679 1910 1931 1700 1
1460 1679 1910 1931 1700 1680 1911 1932 1701 1
1461 1681 1912 1933 1702 1682 1913 1934 1703 1
1462 1682 1913 1934 1703 1683 1914 1935 1704 1
1463 1683 1914 1935 1704 1684 1915 1936 1705 1
1464 1684 1915 1936 1705 1685 1916 1937 1706 1
1465 1685 1916 1937 1706 1686 1917 1938 1707 1
1466 1686 1917 1938 1707 1687 1918 1939 1708 1
1467 1687 1918 1939 1708 1688 1919 1940 1709 1
1468 1688 1919 1940 1709 1689 1920 1941 1710 1
1469 1689 1920 1941 1710 1690 1921 1942 1711 1
1470 1690 1921 1942 1711 1691 1922 1943 1712 1
1471 1691 1922 1943 1712 1692 1923 1944 1713 1
1472 1692 1923 1944 1713 1693 1924 1945 1714 1
1473 1693 1924 1945 1714 1694 1925 1946 1715 1
1474 1694 1925 1946 1715 1695 1926 1947 1716 1
1475 1695 1926 1947 1716 1696 1927 1948 1717 1
1476 1696 1927 1948 1717 1697 1928 1949 1718 1
1477 1697 1928 1949 1718 1698 1929 1950 1719 1
1478 1698 1929 1950 1719 1699 1930 1951 1720 1
1479 1699 1930 1951 1720 1700 1931 1952 1721 1
1480 1700 1931 1952 1721 1701 1932 1953 1722 1
1481 1702 1933 1954 1723 1703 1934 1955 1724 1
1482 1703 1934 1955 1724 1704 1935 1956 1725 1
1483 1704 1935 1956 1725 1705 1936 1957 1726 1
1484 1705 1936 1957 1726 1706 1937 1958 1727 1
1485 1706 1937 1958 1727 1707 1938 1959 1728 1
1486 1707 1938 1959 1728 1708 1939 1960 1729 1
1487 1708 1939 1960 1729 1709 1940 1961 1730 1
1488 1709 1940 1961 1730 1710 1941 1962 1731 1
1489 1710 1941 1962 1731 1711 1942 1963 1732 1
1490 1711 1942 1963 1732 1712 1943 1964 1733 1
1491 1712 1943 1964 1733 1713 1944 1965 1734 1
1492 1713 1944 1965 1734 1714 1945 1966 1735 1
1493 1714 1945 1966 1735 1715 1946 1967 1736 1
1494 1715 1946 1967 1736 1716 1947 1968 1737 1
1495 1716 1947 1968 1737 1717 1948 1969 1738 1
1496 1717 1948 1969 1738 1718 1949 1970 1739 1
1497 1718 1949 1970 1739 1719 1950 1971 1740 1
1498 1719 1950 1971 1740 1720 1951 1972 1741 1
1499 1720 1951 1972 1741 1721 1952 1973 1742 1
1500 1721 1952 1973 1742 1722 1953 1974 1743 1
1501 1723 1954 1975 1744 1724 1955 1976 1745 1
1502 1724 1955 1976 1745 1725 1956 1977 1746 1
1503 1725 1956 1977 1746 1726 1957 1978 1747 1
1504 1726 1957 1978 1747 1727 1958 1979 1748 1
1505 1727 1958 1979 1748 1728 1959 1980 1749 1
1506 1728 1959 1980 1749 1729 1960 1981 1750 1
1507 1729 1960 1981 1750 1730 1961 1982 1751 1
1508 1730 1961 1982 1751 1731 1962 1983 1752 1
1509 1731 1962 1983 1752 1732 1963 1984 1753 1
1510 1732 1963 1984 1753 1733 1964 1985 1754 1
1511 1733 1964 1985 1754 1734 1965 1986 1755 1
1512 1734 1965 1986 1755 1735 1966 1987 1756 1
1513 1735 1966 1987 1756 1736 1967 1988 1757 1
1514 1736 1967 1988 1757 1737 1968 1989 1758 1
1515 1737 1968 1989 1758 1738 1969 1990 1759 1
1516 1738 1969 1990 1759 1739 1970 1991 1760 1
1517 1739 1970 1991 1760 1740 1971 1992 1761 1
1518 1740 1971 1992 1761 1741 1972 1993 1762 1
1519 1741 1972 1993 1762 1742 1973 1994 1763 1
1520 1742 1973 1994 1763 1743 1974 1995 1764 1
1521 1744 1975 1996 1765 1745 1976 1997 1766 1
1522 1745 1976 1997 1766 1746 1977 1998 1767 1
1523 1746 1977 1998 1767 1747 1978 1999 1768 1
1524 1747 1978 1999 1768 1748 1979 2000 1769 1
1525 1748 1979 2000 1769 1749 1980 2001 1770 1
1526 1749 1980 2001 1770 1750 1981 2002 1771 1
1527 1750 1981 2002 1771 1751 1982 2003 1772 1
1528 1751 1982 2003 1772 1752 1983 2004 1773 1
1529 1752 1983 2004 1773 1753 1984 2005 1774 1
1530 1753 1984 2005 1774 1754 1985 2006 1775 1
1531 1754 1985 2006 1775 1755 1986 2007 1776 1
1532 1755 1986 2007 1776 1756 1987 2008 1777 1
1533 1756 1987 2008 1777 1757 1988 2009 1778 1
1534 1757 1988 2009 1778 1758 1989 2010 1779 1
1535 1758 1989 2010 1779 1759 1990 2011 1780 1
1536 1759 1990 2011 1780 1760 1991 2012 1781 1
1537 1760 1991 2012 1781 1761 1992 2013 1782 1
1538 1761 1992 2013 1782 1762 1993 2014 1783 1
1539 1762 1993 2014 1783 1763 1994 2015 1784 1
1540 1763 1994 2015 1784 1764 1995 2016 1785 1
1541 1765 1996 2017 1786 1766 1997 2018 1787 1
1542 1766 1997 2018 1787 1767 1998 2019 1788 1
1543 1767 1998 2019 1788 1768 1999 2020 1789 1
1544 1768 1999 2020 1789 1769 2000 2021 1790 1
1545 1769 2000 2021 1790 1770 2001 2022 1791 1
1546 1770 2001 2022 1791 1771 2002 2023 1792 1
1547 1771 2002 2023 1792 1772 2003 2024 1793 1
1548 1772 2003 2024 1793 1773 2004 2025 1794 1
1549 1773 2004 2025 1794 1774 2005 2026 1795 1
1550 1774 2005 2026 1795 1775 2006 2027 1796 1
1551 1775 2006 2027 1796 1776 2007 2028 1797 1
1552 1776 2007 2028 1797 1777 2008 2029 1798 1
1553 1777 2008 2029 1798 1778 2009 2030 1799 1
1554 1778 2009 2030 1799 1779 2010 2031 1800 1
1555 1779 2010 2031 1800 1780 2011 2032 1801 1
1556 1780 2011 2032 1801 1781 2012 2033 1802 1
1557 1781 2012 2033 1802 1782 2013 2034 1803 1
1558 1782 2013 2034 1803 1783 2014 2035 1804 1
1559 1783 2014 2035 1804 1784 2015 2036 1805 1
1560 1784 2015 2036 1805 1785 2016 2037 1806 1
1561 1786 2017 2038 1807 1787 2018 2039 1808 1
1562 1787 2018 2039 1808 1788 2019 2040 1809 1
1563 1788 2019 2040 1809 1789 2020 2041 1810 1
1564 1789 2020 2041 1810 1790 2021 2042 1811 1
1565 1790 2021 2042 1811 1791 2022 2043 1812 1
1566 1791 2022 2043 1812 1792 2023 2044 1813 1
1567 1792 2023 2044 1813 1793 2024 2045 1814 1
1568 1793 2024 2045 1814 1794 2025 2046 1815 1
1569 1794 2025 2046 1815 1795 2026 2047 1816 1
1570 1795 2026 2047 1816 1796 2027 2048 1817 1
1571 1796 2027 2048 1817 1797 2028 2049 1818 1
1572 1797 2028 2049 1818 1798 2029 2050 1819 1
1573 1798 2029 2050 1819 1799 2030 2051 1820 1
1574 1799 2030 2051 1820 1800 2031 2052 1821 1
1575 1800 2031 2052 1821 1801 2032 2053 1822 1
1576 1801 2032 2053 1822 1802 2033 2054 1823 1
1577 1802 2033 2054 1823 1803 2034 2055 1824 1
1578 1803 2034 2055 1824 1804 2035 2056 1825 1
1579 1804 2035 2056 1825 1805 2036 2057 1826 1
1580 1805 2036 2057 1826 1806 2037 2058 1827 1
1581 1807 2038 2059 1828 1808 2039 2060 1829 1
1582 1808 2039 2060 1829 1809 2040 2061 1830 1
1583 1809 2040 2061 1830 1810 2041 2062 1831 1
1584 1810 2041 2062 1831 1811 2042 2063 1832 1
1585 1811 2042 2063 1832 1812 2043 2064 1833 1
1586 1812 2043 2064 1833 1813 2044 2065 1834 1
1587 1813 2044 2065 1834 1814 2045 2066 1835 1
1588 1814 2045 2066 1835 1815 2046 2067 1836 1
1589 1815 2046 2067 1836 1816 2047 2068 1837 1
1590 1816 2047 2068 1837 1817 2048 2069 1838 1
1591 1817 2048 2069 1838 1818 2049 2070 1839 1
1592 1818 2049 2070 1839 1819 2050 2071 1840 1
1593 1819 2050 2071 1840 1820 2051 2072 1841 1
1594 1820 2051 2072 1841 1821 2052 2073 1842 1
1595 1821 2052 2073 1842 1822 2053 2074 1843 1
1596 1822 2053 2074 1843 1823 2054 2075 1844 1
1597 1823 2054 2075 1844 1824 2055 2076 1845 1
1598 1824 2055 2076 1845 1825 2056 2077 1846 1
1599 1825 2056 2077 1846 1826 2057 2078 1847 1
1600 1826 2057 2078 1847 1827 2058 2079 1848 1
1601 1849 2080 2101 1870 1850 2081 2102 1871 1
1602 1850 2081 2102 1871 1851 2082 2103 1872 1
1603 1851 2082 2103 1872 1852 2083 2104 1873 1
1604 1852 2083 2104 1873 1853 2084 2105 1874 1
1605 1853 2084 2105 1874 1854 2085 2106 1875 1
1606 1854 2085 2106 1875 1855 2086 2107 1876 1
1607 1855 2086 2107 1876 1856 2087 2108 1877 1
1608 1856 2087 2108 1877 1857 2088 2109 1878 1
1609 1857 2088 2109 1878 1858 2089 2110 1879 1
1610 1858 2089 2110 1879 1859 2090 2111 1880 1
1611 1859 2090 2111 1880 1860 2091 2112 1881 1
1612 1860 2091 2112 1881 1861 2092 2113 1882 1
1613 1861 2092 2113 1882 1862 2093 2114 1883 1
1614 1862 2093 2114 1883 1863 2094 2115 1884 1
1615 1863 2094 2115 1884 1864 2095 2116 1885 1
1616 1864 2095 2116 1885 1865 2096 2117 1886 1
1617 1865 2096 2117 1886 1866 2097 2118 1887 1
1618 1866 2097 2118 1887 1867 2098 2119 1888 1
1619 1867 2098 2119 1888 1868 2099 2120 1889 1
1620 1868 2099 2120 1889 1869 2100 2121 1890 1
1621 1870 2101 2122 1891 1871 2102 2123 1892 1
1622 1871 2102 2123 1892 1872 2103 2124 1893 1
1623 1872 2103 2124 1893 1873 2104 2125 1894 1
1624 1873 2104 2125 1894 1874 2105 2126 1895 1
1625 1874 2105 2126 1895 1875 2106 2127 1896 1
1626 1875 2106 2127 1896 1876 2107 2128 1897 1
1627 1876 2107 2128 1897 1877 2108 2129 1898 1
1628 1877 2108 2129 1898 1878 2109 2130 1899 1
1629 1878 2109 2130 1899 1879 2110 2131 1900 1
1630 1879 2110 2131 1900 1880 2111 2132 1901 1
1631 1880 2111 2132 1901 1881 2112 2133 1902 1
1632 1881 2112 2133 1902 1882 2113 2134 1903 1
1633 1882 2113 2134 1903 1883 2114 2135 1904 1
1634 1883 2114 2135 1904 1884 2115 2136 1905 1
1635 1884 2115 2136 1905 1885 2116 2137 1906 1
1636 1885 2116 2137 1906 1886 2117 2138 1907 1
1637 1886 2117 2138 1907 1887 2118 2139 1908 1
1638 1887 2118 2139 1908 1888 2119 2140 1909 1
1639 1888 2119 2140 1909 1889 2120 2141 1910 1
1640 1889 2120 2141 1910 1890 2121 2142 1911 1
1641 1891 2122 2143 1912 1892 2123 2144 1913 1
1642 1892 2123 2144 1913 1893 2124 2145 1914 1
1643 1893 2124 2145 1914 1894 2125 2146 1915 1
1644 1894 2125 2146 1915 1895 2126 2147 1916 1
1645 1895 2126 2147 1916 1896 2127 2148 1917 1
1646 1896 2127 2148 1917 1897 2128 2149 1918 1
1647 1897 2128 2149 1918 1898 2129 2150 1919 1
1648 1898 2129 2150 1919 1899 2130 2151 1920 1
1649 1899 2130 2151 1920 1900 2131 2152 1921 1
1650 1900 2131 2152 1921 1901 2132 2153 1922 1
1651 1901 2132 2153 1922 1902 2133 2154 1923 1
1652 1902 2133 2154 1923 1903 2134 2155 1924 1
1653 1903 2134 2155 1924 1904 2135 2156 1925 1
1654 1904 2135 2156 1925 1905 2136 2157 1926 1
1655 1905 2136 2157 1926 1906 2137 2158 1927 1
1656 1906 2137 2158 1927 1907 2138 2159 1928 1
1657 1907 2138 2159 1928 1908 2139 2160 1929 1
1658 1908 2139 2160 1929 1909 2140 2161 1930 1
1659 1909 2140 2161 1930 1910 2141 2162 1931 1
1660 1910 2141 2162 1931 1911 2142 2163 1932 1
1661 1912 2143 2164 1933 1913 2144 2165 1934 1
1662 1913 2144 2165 1934 1914 2145 2166 1935 1
1663 1914 2145 2166 1935 1915 2146 2167 1936 1
1664 1915 2146 2167 1936 1916 2147 2168 1937 1
1665 1916 2147 2168 1937 1917 2148 2169 1938 1
1666 1917 2148 2169 1938 1918 2149 2170 1939 1
1667 1918 2149 2170 1939 1919 2150 2171 1940 1
1668 1919 2150 2171 1940 1920 2151 2172 1941 1
1669 1920 2151 2172 1941 1921 2152 2173 1942 1
1670 1921 2152 2173 1942 1922 2153 2174 1943 1
1671 1922 2153 2174 1943 1923 2154 2175 1944 1
1672 1923 2154 2175 1944 1924 2155 2176 1945 1
1673 1924 2155 2176 1945 1925 2156 2177 1946 1
1674 1925 2156 2177 1946 1926 2157 2178 1947 1
1675 1926 2157 2178 1947 1927 2158 2179 1948 1
1676 1927 2158 2179 1948 1928 2159 2180 1949 1
1677 1928 2159 2180 1949 1929 2160 2181 1950 1
1678 1929 2160 2181 1950 1930 2161 2182 1951 1
1679 1930 2161 2182 1951 1931 2162 2183 1952 1
1680 1931 2162 2183 1952 1932 2163 2184 1953 1
1681 1933 2164 2185 1954 1934 2165 2186 1955 1
1682 1934 2165 2186 1955 1935 2166 2187 1956 1
1683 1935 2166 2187 1956 1936 2167 2188 1957 1
1684 1936 2167 2188 1957 1937 2168 2189 1958 1
1685 1937 2168 2189 1958 1938 2169 2190 1959 1
1686 1938 2169 2190 1959 1939 2170 2191 1960 1
1687 1939 2170 2191 1960 1940 2171 2192 1961 1
1688 1940 2171 2192 1961 1941 2172 2193 1962 1
1689 1941 2172 2193 1962 1942 2173 2194 1963 1
1690 1942 2173 2194 1963 1943 2174 2195 1964 1
1691 1943 2174 2195 1964 1944 2175 2196 1965 1
1692 1944 2175 2196 1965 1945 2176 2197 1966 1
1693 1945 2176 2197 1966 1946 2177 2198 1967 1
1694 1946 2177 2198 1967 1947 2178 2199 1968 1
1695 1947 2178 2199 1968 1948 2179 2200 1969 1
1696 1948 2179 2200 1969 1949 2180 2201 1970 1
1697 1949 2180 2201 1970 1950 2181 2202 1971 1
1698 1950 2181 2202 1971 1951 2182 2203 1972 1
1699 1951 2182 2203 1972 1952 2183 2204 1973 1
1700 1952 2183 2204 1973 1953 2184 2205 1974 1
1701 1954 2185 2206 1975 1955 2186 2207 1976 1
1702 1955 2186 2207 1976 1956 2187 2208 1977 1
1703 1956 2187 2208 1977 1957 2188 2209 1978 1
1704 1957 2188 2209 1978 1958 2189 2210 1979 1
1705 1958 2189 2210 1979 1959 2190 2211 1980 1
1706 1959 2190 2211 1980 1960 2191 2212 1981 1
1707 1960 2191 2212 1981 1961 2192 2213 1982 1
1708 1961 2192 2213 1982 1962 2193 2214 1983 1
1709 1962 2193 2214 1983 1963 2194 2215 1984 1
1710 1963 2194 2215 1984 1964 2195 2216 1985 1
1711 1964 2195 2216 1985 1965 2196 2217 1986 1
1712 1965 2196 2217 1986 1966 2197 2218 1987 1
1713 1966 2197 2218 1987 1967 2198 2219 1988 1
1714 1967 2198 2219 1988 1968 2199 2220 1989 1
1715 1968 2199 2220 1989 1969 2200 2221 1990 1
1716 1969 2200 2221 1990 1970 2201 2222 1991 1
1717 1970 2201 2222 1991 1971 2202 2223 1992 1
1718 1971 2202 2223 1992 1972 2203 2224 1993 1
1719 1972 2203 2224 1993 1973 2204 2225 1994 1
1720 1973 2204 2225 1994 1974 2205 2226 1995 1
1721 1975 2206 2227 1996 1976 2207 2228 1997 1
1722 1976 2207 2228 1997 1977 2208 2229 1998 1
1723 1977 2208 2229 1998 1978 2209 2230 1999 1
1724 1978 2209 2230 1999 1979 2210 2231 2000 1
1725 1979 2210 2231 2000 1980 2211 2232 2001 1
1726 1980 2211 2232 2001 1981 2212 2233 2002 1
1727 1981 2212 2233 2002 1982 2213 2234 2003 1
1728 1982 2213 2234 2003 1983 2214 2235 2004 1
1729 1983 2214 2235 2004 1984 2215 2236 2005 1
1730 1984 2215 2236 2005 1985 2216 2237 2006 1
1731 1985 2216 2237 2006 1986 2217 2238 2007 1
1732 1986 2217 2238 2007 1987 2218 2239 2008 1
1733 1987 2218 2239 2008 1988 2219 2240 2009 1
1734 1988 2219 2240 2009 1989 2220 2241 2010 1
1735 1989 2220 2241 2010 1990 2221 2242 2011 1
1736 1990 2221 2242 2011 1991 2222 2243 2012 1
1737 1991 2222 2243 2012 1992 2223 2244 2013 1
1738 1992 2223 2244 2013 1993 2224 2245 2014 1
1739 1993 2224 2245 2014 1994 2225 2246 2015 1
1740 1994 2225 2246 2015 1995 2226 2247 2016 1
1741 1996 2227 2248 2017 1997 2228 2249 2018 1
1742 1997 2228 2249 2018 1998 2229 2250 2019 1
1743 1998 2229 2250 2019 1999 2230 2251 2020 1
1744 1999 2230 2251 2020 2000 2231 2252 2021 1
1745 2000 2231 2252 2021 2001 2232 2253 2022 1
1746 2001 2232 2253 2022 2002 2233 2254 2023 1
1747 2002 2233 2254 2023 2003 2234 2255 2024 1
1748 2003 2234 2255 2024 2004 2235 2256 2025 1
1749 2004 2235 2256 2025 2005 2236 2257 2026 1
1750 2005 2236 2257 2026 2006 2237 2258 2027 1
1751 2006 2237 2258 2027 2007 2238 2259 2028 1
1752 2007 2238 2259 2028 2008 2239 2260 2029 1
1753 2008 2239 2260 2029 2009 2240 2261 2030 1
1754 2009 2240 2261 2030 2010 2241 2262 2031 1
1755 2010 2241 2262 2031 2011 2242 2263 2032 1
1756 2011 2242 2263 2032 2012 2243 2264 2033 1
1757 2012 2243 2264 2033 2013 2244 2265 2034 1
1758 2013 2244 2265 2034 2014 2245 2266 2035 1
1759 2014 2245 2266 2035 2015 2246 2267 2036 1
1760 2015 2246 2267 2036 2016 2247 2268 2037 1
1761 2017 2248 2269 2038 2018 2249 2270 2039 1
1762 2018 2249 2270 2039 2019 2250 2271 2040 1
1763 2019 2250 2271 2040 2020 2251 2272 2041 1
1764 2020 2251 2272 2041 2021 2252 2273 2042 1
1765 2021 2252 2273 2042 2022 2253 2274 2043 1
1766 2022 2253 2274 2043 2023 2254 2275 2044 1
1767 2023 2254 2275 2044 2024 2255 2276 2045 1
1768 2024 2255 2276 2045 2025 2256 2277 2046 1
1769 2025 2256 2277 2046 2026 2257 2278 2047 1
1770 2026 2257 2278 2047 2027 2258 2279 2048 1
1771 2027 2258 2279 2048 2028 2259 2280 2049 1
1772 2028 2259 2280 2049 2029 2260 2281 2050 1
1773 2029 2260 2281 2050 2030 2261 2282 2051 1
1774 2030 2261 2282 2051 2031 2262 2283 2052 1
1775 2031 2262 2283 2052 2032 2263 2284 2053 1
1776 2032 2263 2284 2053 2033 2264 2285 2054 1
1777 2033 2264 2285 2054 2034 2265 2286 2055 1
1778 2034 2265 2286 2055 2035 2266 2287 2056 1
1779 2035 2266 2287 2056 2036 2267 2288 2057 1
1780 2036 2267 2288 2057 2037 2268 2289 2058 1
1781 2038 2269 2290 2059 2039 2270 2291 2060 1
1782 2039 2270 2291 2060 2040 2271 2292 2061 1
1783 2040 2271 2292 2061 2041 2272 2293 2062 1
1784 2041 2272 2293 2062 2042 2273 2294 2063 1
1785 2042 2273 2294 2063 2043 2274 2295 2064 1
1786 2043 2274 2295 2064 2044 2275 2296 2065 1
1787 2044 2275 2296 2065 2045 2276 2297 2066 1
1788 2045 2276 2297 2066 2046 2277 2298 2067 1
1789 2046 2277 2298 2067 2047 2278 2299 2068 1
1790 2047 2278 2299 2068 2048 2279 2300 2069 1
1791 2048 2279 2300 2069 2049 2280 2301 2070 1
1792 2049 2280 2301 2070 2050 2281 2302 2071 1
1793 2050 2281 2302 2071 2051 2282 2303 2072 1
1794 2051 2282 2303 2072 2052 2283 2304 2073 1
1795 2052 2283 2304 2073 2053 2284 2305 2074 1
1796 2053 2284 2305 2074 2054 2285 2306 2075 1
1797 2054 2285 2306 2075 2055 2286 2307 2076 1
1798 2055 2286 2307 2076 2056 2287 2308 2077 1
1799 2056 2287 2308 2077 2057 2288 2309 2078 1
1800 2057 2288 2309 2078 2058 2289 2310 2079 1
1801 2080 2311 2332 2101 2081 2312 2333 2102 1
1802 2081 2312 2333 2102 2082 2313 2334 2103 1
1803 2082 2313 2334 2103 2083 2314 2335 2104 1
1804 2083 2314 2335 2104 2084 2315 2336 2105 1
1805 2084 2315 2336 2105 2085 2316 2337 2106 1
1806 2085 2316 2337 2106 2086 2317 2338 2107 1
1807 2086 2317 2338 2107 2087 2318 2339 2108 1
1808 2087 2318 2339 2108 2088 2319 2340 2109 1
1809 2088 2319 2340 2109 2089 2320 2341 2110 1
1810 2089 2320 2341 2110 2090 2321 2342 2111 1
1811 2090 2321 2342 2111 2091 2322 2343 2112 1
1812 2091 2322 2343 2112 2092 2323 2344 2113 1
1813 2092 2323 2344 2113 2093 2324 2345 2114 1
1814 2093 2324 2345 2114 2094 2325 2346 2115 1
1815 2094 2325 2346 2115 2095 2326 2347 2116 1
1816 2095 2326 2347 2116 2096 2327 2348 2117 1
1817 2096 2327 2348 2117 2097 2328 2349 2118 1
1818 2097 2328 2349 2118 2098 2329 2350 2119 1
1819 2098 2329 2350 2119 2099 2330 2351 2120 1
1820 2099 2330 2351 2120 2100 2331 2352 2121 1
1821 2101 2332 2353 2122 2102 2333 2354 2123 1
1822 2102 2333 2354 2123 2103 2334 2355 2124 1
1823 2103 2334 2355 2124 2104 2335 2356 2125 1
1824 2104 2335 2356 2125 2105 2336 2357 2126 1
1825 2105 2336 2357 2126 2106 2337 2358 2127 1
1826 2106 2337 2358 2127 2107 2338 2359 2128 1
1827 2107 2338 2359 2128 2108 2339 2360 2129 1
1828 2108 2339 2360 2129 2109 2340 2361 2130 1
1829 2109 2340 2361 2130 2110 2341 2362 2131 1
1830 2110 2341 2362 2131 2111 2342 2363 2132 1
1831 2111 2342 2363 2132 2112 2343 2364 2133 1
1832 2112 2343 2364 2133 2113 2344 2365 2134 1
1833 2113 2344 2365 2134 2114 2345 2366 2135 1
1834 2114 2345 2366 2135 2115 2346 2367 2136 1
1835 2115 2346 2367 2136 2116 2347 2368 2137 1
1836 2116 2347 2368 2137 2117 2348 2369 2138 1
1837 2117 2348 2369 2138 2118 2349 2370 2139 1
1838 2118 2349 2370 2139 2119 2350 2371 2140 1
1839 2119 2350 2371 2140 2120 2351 2372 2141 1
1840 2120 2351 2372 2141 2121 2352 2373 2142 1
1841 2122 2353 2374 2143 2123 2354 2375 2144 1
1842 2123 2354 2375 2144 2124 2355 2376 2145 1
1843 2124 2355 2376 2145 2125 2356 2377 2146 1
1844 2125 2356 2377 2146 2126 2357 2378 2147 1
1845 2126 2357 2378 2147 2127 2358 2379 2148 1
1846 2127 2358 2379 2148 2128 2359 2380 2149 1
1847 2128 2359 2380 2149 2129 2360 2381 2150 1
1848 2129 2360 2381 2150 2130 2361 2382 2151 1
1849 2130 2361 2382 2151 2131 2362 2383 2152 1
1850 2131 2362 2383 2152 2132 2363 2384 2153 1
1851 2132 2363 2384 2153 2133 2364 2385 2154 1
1852 2133 2364 2385 2154 2134 2365 2386 2155 1
1853 2134 2365 2386 2155 2135 2366 2387 2156 1
1854 2135 2366 2387 2156 2136 2367 2388 2157 1
1855 2136 2367 2388 2157 2137 2368 2389 2158 1
1856 2137 2368 2389 2158 2138 2369 2390 2159 1
1857 2138 2369 2390 2159 2139 2370 2391 2160 1
1858 2139 2370 2391 2160 2140 2371 2392 2161 1
1859 2140 2371 2392 2161 2141 2372 2393 2162 1
1860 2141 2372 2393 2162 2142 2373 2394 2163 1
1861 2143 2374 2395 2164 2144 2375 2396 2165 1
1862 2144 2375 2396 2165 2145 2376 2397 2166 1
1863 2145 2376 2397 2166 2146 2377 2398 2167 1
1864 2146 2377 2398 2167 2147 2378 2399 2168 1
1865 2147 2378 2399 2168 2148 2379 2400 2169 1
1866 2148 2379 2400 2169 2149 2380 2401 2170 1
1867 2149 2380 2401 2170 2150 2381 2402 2171 1
1868 2150 2381 2402 2171 2151 2382 2403 2172 1
1869 2151 2382 2403 2172 2152 2383 2404 2173 1
1870 2152 2383 2404 2173 2153 2384 2405 2174 1
1871 2153 2384 2405 2174 2154 2385 2406 2175 1
1872 2154 2385 2406 2175 2155 2386 2407 2176 1
1873 2155 2386 2407 2176 2156 2387 2408 2177 1
1874 2156 2387 2408 2177 2157 2388 2409 2178 1
1875 2157 2388 2409 2178 2158 2389 2410 2179 1
1876 2158 2389 2410 2179 2159 2390 2411 2180 1
1877 2159 2390 2411 2180 2160 2391 2412 2181 1
1878 2160 2391 2412 2181 2161 2392 2413 2182 1
1879 2161 2392 2413 2182 2162 2393 2414 2183 1
1880 2162 2393 2414 2183 2163 2394 2415 2184 1
1881 2164 2395 2416 2185 2165 2396 2417 2186 1
1882 2165 2396 2417 2186 2166 2397 2418 2187 1
1883 2166 2397 2418 2187 2167 2398 2419 2188 1
1884 2167 2398 2419 2188 2168 2399 2420 2189 1
1885 2168 2399 2420 2189 2169 2400 2421 2190 1
1886 2169 2400 2421 2190 2170 2401 2422 2191 1
1887 2170 2401 2422 2191 2171 2402 2423 2192 1
1888 2171 2402 2423 2192 2172 2403 2424 2193 1
1889 2172 2403 2424 2193 2173 2404 2425 2194 1
1890 2173 2404 2425 2194 2174 2405 2426 2195 1
1891 2174 2405 2426 2195 2175 2406 2427 2196 1
1892 2175 2406 2427 2196 2176 2407 2428 2197 1
1893 2176 2407 2428 2197 2177 2408 2429 2198 1
1894 2177 2408 2429 2198 2178 2409 2430 2199 1
1895 2178 2409 2430 2199 2179 2410 2431 2200 1
1896 2179 2410 2431 2200 2180 2411 2432 2201 1
1897 2180 2411 2432 2201 2181 2412 2433 2202 1
1898 2181 2412 2433 2202 2182 2413 2434 2203 1
1899 2182 2413 2434 2203 2183 2414 2435 2204 1
1900 2183 2414 2435 2204 2184 2415 2436 2205 1
1901 2185 2416 2437 2206 2186 2417 2438 2207 1
1902 2186 2417 2438 2207 2187 2418 2439 2208 1
1903 2187 2418 2439 2208 2188 2419 2440 2209 1
1904 2188 2419 2440 2209 2189 2420 2441 2210 1
1905 2189 2420 2441 2210 2190 2421 2442 2211 1
1906 2190 2421 2442 2211 2191 2422 2443 2212 1
1907 2191 2422 2443 2212 2192 2423 2444 2213 1
1908 2192 2423 2444 2213 2193 2424 2445 2214 1
1909 2193 2424 2445 2214 2194 2425 2446 2215 1
1910 2194 2425 2446 2215 2195 2426 2447 2216 1
1911 2195 2426 2447 2216 2196 2427 2448 2217 1
1912 2196 2427 2448 2217 2197 2428 2449 2218 1
1913 2197 2428 2449 2218 2198 2429 2450 2219 1
1914 2198 2429 2450 2219 2199 2430 2451 2220 1
1915 2199 2430 2451 2220 2200 2431 2452 2221 1
1916 2200 2431 2452 2221 2201 2432 2453 2222 1
1917 2201 2432 2453 2222 2202 2433 2454 2223 1
1918 2202 2433 2454 2223 2203 2434 2455 2224 1
1919 2203 2434 2455 2224 2204 2435 2456 2225 1
1920 2204 2435 2456 2225 2205 2436 2457 2226 1
1921 2206 2437 2458 2227 2207 2438 2459 2228 1
1922 2207 2438 2459 2228 2208 2439 2460 2229 1
1923 2208 2439 2460 2229 2209 2440 2461 2230 1
1924 2209 2440 2461 2230 2210 2441 2462 2231 1
1925 2210 2441 2462 2231 2211 2442 2463 2232 1
1926 2211 2442 2463 2232 2212 2443 2464 2233 1
1927 2212 2443 2464 2233 2213 2444 2465 2234 1
1928 2213 2444 2465 2234 2214 2445 2466 2235 1
1929 2214 2445 2466 2235 2215 2446 2467 2236 1
1930 2215 2446 2467 2236 2216 2447 2468 2237 1
1931 2216 2447 2468 2237 2217 2448 2469 2238 1
1932 2217 2448 2469 2238 2218 2449 2470 2239 1
1933 2218 2449 2470 2239 2219 2450 2471 2240 1
1934 2219 2450 2471 2240 2220 2451 2472 2241 1
1935 2220 2451 2472 2241 2221 2452 2473 2242 1
1936 2221 2452 2473 2242 2222 2453 2474 2243 1
1937 2222 2453 2474 2243 2223 2454 2475 2244 1
1938 2223 2454 2475 2244 2224 2455 2476 2245 1
1939 2224 2455 2476 2245 2225 2456 2477 2246 1
1940 2225 2456 2477 2246 2226 2457 2478 2247 1
1941 2227 2458 2479 2248 2228 2459 2480 2249 1
1942 2228 2459 2480 2249 2229 2460 2481 2250 1
1943 2229 2460 2481 2250 2230 2461 2482 2251 1
1944 2230 2461 2482 2251 2231 2462 2483 2252 1
1945 2231 2462 2483 2252 2232 2463 2484 2253 1
1946 2232 2463 2484 2253 2233 2464 2485 2254 1
1947 2233 2464 2485 2254 2234 2465 2486 2255 1
1948 2234 2465 2486 2255 2235 2466 2487 2256 1
1949 2235 2466 2487 2256 2236 2467 2488 2257 1
1950 2236 2467 2488 2257 2237 2468 2489 2258 1
1951 2237 2468 2489 2258 2238 2469 2490 2259 1
1952 2238 2469 2490 2259 2239 2470 2491 2260 1
1953 2239 2470 2491 2260 2240 2471 2492 2261 1
1954 2240 2471 2492 2261 2241 2472 2493 2262 1
1955 2241 2472 2493 2262 2242 2473 2494 2263 1
1956 2242 2473 2494 2263 2243 2474 2495 2264 1
1957 2243 2474 2495 2264 2244 2475 2496 2265 1
1958 2244 2475 2496 2265 2245 2476 2497 2266 1
1959 2245 2476 2497 2266 2246 2477 2498 2267 1
1960 2246 2477 2498 2267 2247 2478 2499 2268 1
1961 2248 2479 2500 2269 2249 2480 2501 2270 1
1962 2249 2480 2501 2270 2250 2481 2502 2271 1
1963 2250 2481 2502 2271 2251 2482 2503 2272 1
1964 2251 2482 2503 2272 2252 2483 2504 2273 1
1965 2252 2483 2504 2273 2253 2484 2505 2274 1
1966 2253 2484 2505 2274 2254 2485 2506 2275 1
1967 2254 2485 2506 2275 2255 2486 2507 2276 1
1968 2255 2486 2507 2276 2256 2487 2508 2277 1
1969 2256 2487 2508 2277 2257 2488 2509 2278 1
1970 2257 2488 2509 2278 2258 2489 2510 2279 1
1971 2258 2489 2510 2279 2259 2490 2511 2280 1
1972 2259 2490 2511 2280 2260 2491 2512 2281 1
1973 2260 2491 2512 2281 2261 2492 2513 2282 1
1974 2261 2492 2513 2282 2262 2493 2514 2283 1
1975 2262 2493 2514 2283 2263 2494 2515 2284 1
1976 2263 2494 2515 2284 2264 2495 2516 2285 1
1977 2264 2495 2516 2285 2265 2496 2517 2286 1
1978 2265 2496 2517 2286 2266 2497 2518 2287 1
1979 2266 2497 2518 2287 2267 2498 2519 2288 1
1980 2267 2498 2519 2288 2268 2499 2520 2289 1
1981 2269 2500 2521 2290 2270 2501 2522 2291 1
1982 2270 2501 2522 2291 2271 2502 2523 2292 1
1983 2271 2502 2523 2292 2272 2503 2524 2293 1
1984 2272 2503 2524 2293 2273 2504 2525 2294 1
1985 2273 2504 2525 2294 2274 2505 2526 2295 1
1986 2274 2505 2526 2295 2275 2506 2527 2296 1
1987 2275 2506 2527 2296 2276 2507 2528 2297 1
1988 2276 2507 2528 2297 2277 2508 2529 2298 1
1989 2277 2508 2529 2298 2278 2509 2530 2299 1
1990 2278 2509 2530 2299 2279 2510 2531 2300 1
1991 2279 2510 2531 2300 2280 2511 2532 2301 1
1992 2280 2511 2532 2301 2281 2512 2533 2302 1
1993 2281 2512 2533 2302 2282 2513 2534 2303 1
1994 2282 2513 2534 2303 2283 2514 2535 2304 1
1995 2283 2514 2535 2304 2284 2515 2536 2305 1
1996 2284 2515 2536 2305 2285 2516 2537 2306 1
1997 2285 2516 2537 2306 2286 2517 2538 2307 1
1998 2286 2517 2538 2307 2287 2518 2539 2308 1
1999 2287 2518 2539 2308 2288 2519 2540 2309 1
2000 2288 2519 2540 2309 2289 2520 2541 2310 1
