1 -5.0 -5.0 0.0
2 -5.0 -5.0 1.0
3 -5.0 -5.0 2.0
4 -5.0 -5.0 3.0
5 -5.0 -5.0 4.0
6 -5.0 -5.0 5.0
7 -5.0 -5.0 6.0
8 -5.0 -5.0 7.0
9 -5.0 -5.0 8.0
10 -5.0 -5.0 9.0
11 -5.0 -5.0 10.0
12 -5.0 -5.0 11.0
13 -5.0 -5.0 12.0
14 -5.0 -5.0 13.0
15 -5.0 -5.0 14.0
16 -5.0 -5.0 15.0
17 -5.0 -5.0 16.0
18 -5.0 -5.0 17.0
19 -5.0 -5.0 18.0
20 -5.0 -5.0 19.0
21 -5.0 -5.0 20.0
22 -5.0 -4.0 0.0
23 -5.0 -4.0 1.0
24 -5.0 -4.0 2.0
25 -5.0 -4.0 3.0
26 -5.0 -4.0 4.0
27 -5.0 -4.0 5.0
28 -5.0 -4.0 6.0
29 -5.0 -4.0 7.0
30 -5.0 -4.0 8.0
31 -5.0 -4.0 9.0
32 -5.0 -4.0 10.0
33 -5.0 -4.0 11.0
34 -5.0 -4.0 12.0
35 -5.0 -4.0 13.0
36 -5.0 -4.0 14.0
37 -5.0 -4.0 15.0
38 -5.0 -4.0 16.0
39 -5.0 -4.0 17.0
40 -5.0 -4.0 18.0
41 -5.0 -4.0 19.0
42 -5.0 -4.0 20.0
43 -5.0 -3.0 0.0
44 -5.0 -3.0 1.0
45 -5.0 -3.0 2.0
46 -5.0 -3.0 3.0
47 -5.0 -3.0 4.0
48 -5.0 -3.0 5.0
49 -5.0 -3.0 6.0
50 -5.0 -3.0 7.0
51 -5.0 -3.0 8.0
52 -5.0 -3.0 9.0
53 -5.0 -3.0 10.0
54 -5.0 -3.0 11.0
55 -5.0 -3.0 12.0
56 -5.0 -3.0 13.0
57 -5.0 -3.0 14.0
58 -5.0 -3.0 15.0
59 -5.0 -3.0 16.0
60 -5.0 -3.0 17.0
61 -5.0 -3.0 18.0
62 -5.0 -3.0 19.0
63 -5.0 -3.0 20.0
64 -5.0 -2.0 0.0
65 -5.0 -2.0 1.0
66 -5.0 -2.0 2.0
67 -5.0 -2.0 3.0
68 -5.0 -2.0 4.0
69 -5.0 -2.0 5.0
70 -5.0 -2.0 6.0
71 -5.0 -2.0 7.0
72 -5.0 -2.0 8.0
73 -5.0 -2.0 9.0
74 -5.0 -2.0 10.0
75 -5.0 -2.0 11.0
76 -5.0 -2.0 12.0
77 -5.0 -2.0 13.0
78 -5.0 -2.0 14.0
79 -5.0 -2.0 15.0
80 -5.0 -2.0 16.0
81 -5.0 -2.0 17.0
82 -5.0 -2.0 18.0
83 -5.0 -2.0 19.0
84 -5.0 -2.0 20.0
85 -5.0 -1.0 0.0
86 -5.0 -1.0 1.0
87 -5.0 -1.0 2.0
88 -5.0 -1.0 3.0
89 -5.0 -1.0 4.0
90 -5.0 -1.0 5.0
91 -5.0 -1.0 6.0
92 -5.0 -1.0 7.0
93 -5.0 -1.0 8.0
94 -5.0 -1.0 9.0
95 -5.0 -1.0 10.0
96 -5.0 -1.0 11.0
97 -5.0 -1.0 12.0
98 -5.0 -1.0 13.0
99 -5.0 -1.0 14.0
100 -5.0 -1.0 15.0
101 -5.0 -1.0 16.0
102 -5.0 -1.0 17.0
103 -5.0 -1.0 18.0
104 -5.0 -1.0 19.0
105 -5.0 -1.0 20.0
106 -5.0 0.0 0.0
107 -5.0 0.0 1.0
108 -5.0 0.0 2.0
109 -5.0 0.0 3.0
110 -5.0 0.0 4.0
111 -5.0 0.0 5.0
112 -5.0 0.0 6.0
113 -5.0 0.0 7.0
114 -5.0 0.0 8.0
115 -5.0 0.0 9.0
116 -5.0 0.0 10.0
117 -5.0 0.0 11.0
118 -5.0 0.0 12.0
119 -5.0 0.0 13.0
120 -5.0 0.0 14.0
121 -5.0 0.0 15.0
122 -5.0 0.0 16.0
123 -5.0 0.0 17.0
124 -5.0 0.0 18.0
125 -5.0 0.0 19.0
126 -5.0 0.0 20.0
127 -5.0 1.0 0.0
128 -5.0 1.0 1.0
129 -5.0 1.0 2.0
130 -5.0 1.0 3.0
131 -5.0 1.0 4.0
132 -5.0 1.0 5.0
133 -5.0 1.0 6.0
134 -5.0 1.0 7.0
135 -5.0 1.0 8.0
136 -5.0 1.0 9.0
137 -5.0 1.0 10.0
138 -5.0 1.0 11.0
139 -5.0 1.0 12.0
140 -5.0 1.0 13.0
141 -5.0 1.0 14.0
142 -5.0 1.0 15.0
143 -5.0 1.0 16.0
144 -5.0 1.0 17.0
145 -5.0 1.0 18.0
146 -5.0 1.0 19.0
147 -5.0 1.0 20.0
148 -5.0 2.0 0.0
149 -5.0 2.0 1.0
150 -5.0 2.0 2.0
151 -5.0 2.0 3.0
152 -5.0 2.0 4.0
153 -5.0 2.0 5.0
154 -5.0 2.0 6.0
155 -5.0 2.0 7.0
156 -5.0 2.0 8.0
157 -5.0 2.0 9.0
158 -5.0 2.0 10.0
159 -5.0 2.0 11.0
160 -5.0 2.0 12.0
161 -5.0 2.0 13.0
162 -5.0 2.0 14.0
163 -5.0 2.0 15.0
164 -5.0 2.0 16.0
165 -5.0 2.0 17.0
166 -5.0 2.0 18.0
167 -5.0 2.0 19.0
168 -5.0 2.0 20.0
169 -5.0 3.0 0.0
170 -5.0 3.0 1.0
171 -5.0 3.0 2.0
172 -5.0 3.0 3.0
173 -5.0 3.0 4.0
174 -5.0 3.0 5.0
175 -5.0 3.0 6.0
176 -5.0 3.0 7.0
177 -5.0 3.0 8.0
178 -5.0 3.0 9.0
179 -5.0 3.0 10.0
180 -5.0 3.0 11.0
181 -5.0 3.0 12.0
182 -5.0 3.0 13.0
183 -5.0 3.0 14.0
184 -5.0 3.0 15.0
185 -5.0 3.0 16.0
186 -5.0 3.0 17.0
187 -5.0 3.0 18.0
188 -5.0 3.0 19.0
189 -5.0 3.0 20.0
190 -5.0 4.0 0.0
191 -5.0 4.0 1.0
192 -5.0 4.0 2.0
193 -5.0 4.0 3.0
194 -5.0 4.0 4.0
195 -5.0 4.0 5.0
196 -5.0 4.0 6.0
197 -5.0 4.0 7.0
198 -5.0 4.0 8.0
199 -5.0 4.0 9.0
200 -5.0 4.0 10.0
201 -5.0 4.0 11.0
202 -5.0 4.0 12.0
203 -5.0 4.0 13.0
204 -5.0 4.0 14.0
205 -5.0 4.0 15.0
206 -5.0 4.0 16.0
207 -5.0 4.0 17.0
208 -5.0 4.0 18.0
209 -5.0 4.0 19.0
210 -5.0 4.0 20.0
211 -5.0 5.0 0.0
212 -5.0 5.0 1.0
213 -5.0 5.0 2.0
214 -5.0 5.0 3.0
215 -5.0 5.0 4.0
216 -5.0 5.0 5.0
217 -5.0 5.0 6.0
218 -5.0 5.0 7.0
219 -5.0 5.0 8.0
220 -5.0 5.0 9.0
221 -5.0 5.0 10.0
222 -5.0 5.0 11.0
223 -5.0 5.0 12.0
224 -5.0 5.0 13.0
225 -5.0 5.0 14.0
226 -5.0 5.0 15.0
227 -5.0 5.0 16.0
228 -5.0 5.0 17.0
229 -5.0 5.0 18.0
230 -5.0 5.0 19.0
231 -5.0 5.0 20.0
232 -4.0 -5.0 0.0
233 -4.0 -5.0 1.0
234 -4.0 -5.0 2.0
235 -4.0 -5.0 3.0
236 -4.0 -5.0 4.0
237 -4.0 -5.0 5.0
238 -4.0 -5.0 6.0
239 -4.0 -5.0 7.0
240 -4.0 -5.0 8.0
241 -4.0 -5.0 9.0
242 -4.0 -5.0 10.0
243 -4.0 -5.0 11.0
244 -4.0 -5.0 12.0
245 -4.0 -5.0 13.0
246 -4.0 -5.0 14.0
247 -4.0 -5.0 15.0
248 -4.0 -5.0 16.0
249 -4.0 -5.0 17.0
250 -4.0 -5.0 18.0
251 -4.0 -5.0 19.0
252 -4.0 -5.0 20.0
253 -4.0 -4.0 0.0
254 -4.0 -4.0 1.0
255 -4.0 -4.0 2.0
256 -4.0 -4.0 3.0
257 -4.0 -4.0 4.0
258 -4.0 -4.0 5.0
259 -4.0 -4.0 6.0
260 -4.0 -4.0 7.0
261 -4.0 -4.0 8.0
262 -4.0 -4.0 9.0
263 -4.0 -4.0 10.0
264 -4.0 -4.0 11.0
265 -4.0 -4.0 12.0
266 -4.0 -4.0 13.0
267 -4.0 -4.0 14.0
268 -4.0 -4.0 15.0
269 -4.0 -4.0 16.0
270 -4.0 -4.0 17.0
271 -4.0 -4.0 18.0
272 -4.0 -4.0 19.0
273 -4.0 -4.0 20.0
274 -4.0 -3.0 0.0
275 -4.0 -3.0 1.0
276 -4.0 -3.0 2.0
277 -4.0 -3.0 3.0
278 -4.0 -3.0 4.0
279 -4.0 -3.0 5.0
280 -4.0 -3.0 6.0
281 -4.0 -3.0 7.0
282 -4.0 -3.0 8.0
283 -4.0 -3.0 9.0
284 -4.0 -3.0 10.0
285 -4.0 -3.0 11.0
286 -4.0 -3.0 12.0
287 -4.0 -3.0 13.0
288 -4.0 -3.0 14.0
289 -4.0 -3.0 15.0
290 -4.0 -3.0 16.0
291 -4.0 -3.0 17.0
292 -4.0 -3.0 18.0
293 -4.0 -3.0 19.0
294 -4.0 -3.0 20.0
295 -4.0 -2.0 0.0
296 -4.0 -2.0 1.0
297 -4.0 -2.0 2.0
298 -4.0 -2.0 3.0
299 -4.0 -2.0 4.0
300 -4.0 -2.0 5.0
301 -4.0 -2.0 6.0
302 -4.0 -2.0 7.0
303 -4.0 -2.0 8.0
304 -4.0 -2.0 9.0
305 -4.0 -2.0 10.0
306 -4.0 -2.0 11.0
307 -4.0 -2.0 12.0
308 -4.0 -2.0 13.0
309 -4.0 -2.0 14.0
310 -4.0 -2.0 15.0
311 -4.0 -2.0 16.0
312 -4.0 -2.0 17.0
313 -4.0 -2.0 18.0
314 -4.0 -2.0 19.0
315 -4.0 -2.0 20.0
316 -4.0 -1.0 0.0
317 -4.0 -1.0 1.0
318 -4.0 -1.0 2.0
319 -4.0 -1.0 3.0
320 -4.0 -1.0 4.0
321 -4.0 -1.0 5.0
322 -4.0 -1.0 6.0
323 -4.0 -1.0 7.0
324 -4.0 -1.0 8.0
325 -4.0 -1.0 9.0
326 -4.0 -1.0 10.0
327 -4.0 -1.0 11.0
328 -4.0 -1.0 12.0
329 -4.0 -1.0 13.0
330 -4.0 -1.0 14.0
331 -4.0 -1.0 15.0
332 -4.0 -1.0 16.0
333 -4.0 -1.0 17.0
334 -4.0 -1.0 18.0
335 -4.0 -1.0 19.0
336 -4.0 -1.0 20.0
337 -4.0 0.0 0.0
338 -4.0 0.0 1.0
339 -4.0 0.0 2.0
340 -4.0 0.0 3.0
341 -4.0 0.0 4.0
342 -4.0 0.0 5.0
343 -4.0 0.0 6.0
344 -4.0 0.0 7.0
345 -4.0 0.0 8.0
346 -4.0 0.0 9.0
347 -4.0 0.0 10.0
348 -4.0 0.0 11.0
349 -4.0 0.0 12.0
350 -4.0 0.0 13.0
351 -4.0 0.0 14.0
352 -4.0 0.0 15.0
353 -4.0 0.0 16.0
354 -4.0 0.0 17.0
355 -4.0 0.0 18.0
356 -4.0 0.0 19.0
357 -4.0 0.0 20.0
358 -4.0 1.0 0.0
359 -4.0 1.0 1.0
360 -4.0 1.0 2.0
361 -4.0 1.0 3.0
362 -4.0 1.0 4.0
363 -4.0 1.0 5.0
364 -4.0 1.0 6.0
365 -4.0 1.0 7.0
366 -4.0 1.0 8.0
367 -4.0 1.0 9.0
368 -4.0 1.0 10.0
369 -4.0 1.0 11.0
370 -4.0 1.0 12.0
371 -4.0 1.0 13.0
372 -4.0 1.0 14.0
373 -4.0 1.0 15.0
374 -4.0 1.0 16.0
375 -4.0 1.0 17.0
376 -4.0 1.0 18.0
377 -4.0 1.0 19.0
378 -4.0 1.0 20.0
379 -4.0 2.0 0.0
380 -4.0 2.0 1.0
381 -4.0 2.0 2.0
382 -4.0 2.0 3.0
383 -4.0 2.0 4.0
384 -4.0 2.0 5.0
385 -4.0 2.0 6.0
386 -4.0 2.0 7.0
387 -4.0 2.0 8.0
388 -4.0 2.0 9.0
389 -4.0 2.0 10.0
390 -4.0 2.0 11.0
391 -4.0 2.0 12.0
392 -4.0 2.0 13.0
393 -4.0 2.0 14.0
394 -4.0 2.0 15.0
395 -4.0 2.0 16.0
396 -4.0 2.0 17.0
397 -4.0 2.0 18.0
398 -4.0 2.0 19.0
399 -4.0 2.0 20.0
400 -4.0 3.0 0.0
401 -4.0 3.0 1.0
402 -4.0 3.0 2.0
403 -4.0 3.0 3.0
404 -4.0 3.0 4.0
405 -4.0 3.0 5.0
406 -4.0 3.0 6.0
407 -4.0 3.0 7.0
408 -4.0 3.0 8.0
409 -4.0 3.0 9.0
410 -4.0 3.0 10.0
411 -4.0 3.0 11.0
412 -4.0 3.0 12.0
413 -4.0 3.0 13.0
414 -4.0 3.0 14.0
415 -4.0 3.0 15.0
416 -4.0 3.0 16.0
417 -4.0 3.0 17.0
418 -4.0 3.0 18.0
419 -4.0 3.0 19.0
420 -4.0 3.0 20.0
421 -4.0 4.0 0.0
422 -4.0 4.0 1.0
423 -4.0 4.0 2.0
424 -4.0 4.0 3.0
425 -4.0 4.0 4.0
426 -4.0 4.0 5.0
427 -4.0 4.0 6.0
428 -4.0 4.0 7.0
429 -4.0 4.0 8.0
430 -4.0 4.0 9.0
431 -4.0 4.0 10.0
432 -4.0 4.0 11.0
433 -4.0 4.0 12.0
434 -4.0 4.0 13.0
435 -4.0 4.0 14.0
436 -4.0 4.0 15.0
437 -4.0 4.0 16.0
438 -4.0 4.0 17.0
439 -4.0 4.0 18.0
440 -4.0 4.0 19.0
441 -4.0 4.0 20.0
442 -4.0 5.0 0.0
443 -4.0 5.0 1.0
444 -4.0 5.0 2.0
445 -4.0 5.0 3.0
446 -4.0 5.0 4.0
447 -4.0 5.0 5.0
448 -4.0 5.0 6.0
449 -4.0 5.0 7.0
450 -4.0 5.0 8.0
451 -4.0 5.0 9.0
452 -4.0 5.0 10.0
453 -4.0 5.0 11.0
454 -4.0 5.0 12.0
455 -4.0 5.0 13.0
456 -4.0 5.0 14.0
457 -4.0 5.0 15.0
458 -4.0 5.0 16.0
459 -4.0 5.0 17.0
460 -4.0 5.0 18.0
461 -4.0 5.0 19.0
462 -4.0 5.0 20.0
463 -3.0 -5.0 0.0
464 -3.0 -5.0 1.0
465 -3.0 -5.0 2.0
466 -3.0 -5.0 3.0
467 -3.0 -5.0 4.0
468 -3.0 -5.0 5.0
469 -3.0 -5.0 6.0
470 -3.0 -5.0 7.0
471 -3.0 -5.0 8.0
472 -3.0 -5.0 9.0
473 -3.0 -5.0 10.0
474 -3.0 -5.0 11.0
475 -3.0 -5.0 12.0
476 -3.0 -5.0 13.0
477 -3.0 -5.0 14.0
478 -3.0 -5.0 15.0
479 -3.0 -5.0 16.0
480 -3.0 -5.0 17.0
481 -3.0 -5.0 18.0
482 -3.0 -5.0 19.0
483 -3.0 -5.0 20.0
484 -3.0 -4.0 0.0
485 -3.0 -4.0 1.0
486 -3.0 -4.0 2.0
487 -3.0 -4.0 3.0
488 -3.0 -4.0 4.0
489 -3.0 -4.0 5.0
490 -3.0 -4.0 6.0
491 -3.0 -4.0 7.0
492 -3.0 -4.0 8.0
493 -3.0 -4.0 9.0
494 -3.0 -4.0 10.0
495 -3.0 -4.0 11.0
496 -3.0 -4.0 12.0
497 -3.0 -4.0 13.0
498 -3.0 -4.0 14.0
499 -3.0 -4.0 15.0
500 -3.0 -4.0 16.0
501 -3.0 -4.0 17.0
502 -3.0 -4.0 18.0
503 -3.0 -4.0 19.0
504 -3.0 -4.0 20.0
505 -3.0 -3.0 0.0
506 -3.0 -3.0 1.0
507 -3.0 -3.0 2.0
508 -3.0 -3.0 3.0
509 -3.0 -3.0 4.0
510 -3.0 -3.0 5.0
511 -3.0 -3.0 6.0
512 -3.0 -3.0 7.0
513 -3.0 -3.0 8.0
514 -3.0 -3.0 9.0
515 -3.0 -3.0 10.0
516 -3.0 -3.0 11.0
517 -3.0 -3.0 12.0
518 -3.0 -3.0 13.0
519 -3.0 -3.0 14.0
520 -3.0 -3.0 15.0
521 -3.0 -3.0 16.0
522 -3.0 -3.0 17.0
523 -3.0 -3.0 18.0
524 -3.0 -3.0 19.0
525 -3.0 -3.0 20.0
526 -3.0 -2.0 0.0
527 -3.0 -2.0 1.0
528 -3.0 -2.0 2.0
529 -3.0 -2.0 3.0
530 -3.0 -2.0 4.0
531 -3.0 -2.0 5.0
532 -3.0 -2.0 6.0
533 -3.0 -2.0 7.0
534 -3.0 -2.0 8.0
535 -3.0 -2.0 9.0
536 -3.0 -2.0 10.0
537 -3.0 -2.0 11.0
538 -3.0 -2.0 12.0
539 -3.0 -2.0 13.0
540 -3.0 -2.0 14.0
541 -3.0 -2.0 15.0
542 -3.0 -2.0 16.0
543 -3.0 -2.0 17.0
544 -3.0 -2.0 18.0
545 -3.0 -2.0 19.0
546 -3.0 -2.0 20.0
547 -3.0 -1.0 0.0
548 -3.0 -1.0 1.0
549 -3.0 -1.0 2.0
550 -3.0 -1.0 3.0
551 -3.0 -1.0 4.0
552 -3.0 -1.0 5.0
553 -3.0 -1.0 6.0
554 -3.0 -1.0 7.0
555 -3.0 -1.0 8.0
556 -3.0 -1.0 9.0
557 -3.0 -1.0 10.0
558 -3.0 -1.0 11.0
559 -3.0 -1.0 12.0
560 -3.0 -1.0 13.0
561 -3.0 -1.0 14.0
562 -3.0 -1.0 15.0
563 -3.0 -1.0 16.0
564 -3.0 -1.0 17.0
565 -3.0 -1.0 18.0
566 -3.0 -1.0 19.0
567 -3.0 -1.0 20.0
568 -3.0 0.0 0.0
569 -3.0 0.0 1.0
570 -3.0 0.0 2.0
571 -3.0 0.0 3.0
572 -3.0 0.0 4.0
573 -3.0 0.0 5.0
574 -3.0 0.0 6.0
575 -3.0 0.0 7.0
576 -3.0 0.0 8.0
577 -3.0 0.0 9.0
578 -3.0 0.0 10.0
579 -3.0 0.0 11.0
580 -3.0 0.0 12.0
581 -3.0 0.0 13.0
582 -3.0 0.0 14.0
583 -3.0 0.0 15.0
584 -3.0 0.0 16.0
585 -3.0 0.0 17.0
586 -3.0 0.0 18.0
587 -3.0 0.0 19.0
588 -3.0 0.0 20.0
589 -3.0 1.0 0.0
590 -3.0 1.0 1.0
591 -3.0 1.0 2.0
592 -3.0 1.0 3.0
593 -3.0 1.0 4.0
594 -3.0 1.0 5.0
595 -3.0 1.0 6.0
596 -3.0 1.0 7.0
597 -3.0 1.0 8.0
598 -3.0 1.0 9.0
599 -3.0 1.0 10.0
600 -3.0 1.0 11.0
601 -3.0 1.0 12.0
602 -3.0 1.0 13.0
603 -3.0 1.0 14.0
604 -3.0 1.0 15.0
605 -3.0 1.0 16.0
606 -3.0 1.0 17.0
607 -3.0 1.0 18.0
608 -3.0 1.0 19.0
609 -3.0 1.0 20.0
610 -3.0 2.0 0.0
611 -3.0 2.0 1.0
612 -3.0 2.0 2.0
613 -3.0 2.0 3.0
614 -3.0 2.0 4.0
615 -3.0 2.0 5.0
616 -3.0 2.0 6.0
617 -3.0 2.0 7.0
618 -3.0 2.0 8.0
619 -3.0 2.0 9.0
620 -3.0 2.0 10.0
621 -3.0 2.0 11.0
622 -3.0 2.0 12.0
623 -3.0 2.0 13.0
624 -3.0 2.0 14.0
625 -3.0 2.0 15.0
626 -3.0 2.0 16.0
627 -3.0 2.0 17.0
628 -3.0 2.0 18.0
629 -3.0 2.0 19.0
630 -3.0 2.0 20.0
631 -3.0 3.0 0.0
632 -3.0 3.0 1.0
633 -3.0 3.0 2.0
634 -3.0 3.0 3.0
635 -3.0 3.0 4.0
636 -3.0 3.0 5.0
637 -3.0 3.0 6.0
638 -3.0 3.0 7.0
639 -3.0 3.0 8.0
640 -3.0 3.0 9.0
641 -3.0 3.0 10.0
642 -3.0 3.0 11.0
643 -3.0 3.0 12.0
644 -3.0 3.0 13.0
645 -3.0 3.0 14.0
646 -3.0 3.0 15.0
647 -3.0 3.0 16.0
648 -3.0 3.0 17.0
649 -3.0 3.0 18.0
650 -3.0 3.0 19.0
651 -3.0 3.0 20.0
652 -3.0 4.0 0.0
653 -3.0 4.0 1.0
654 -3.0 4.0 2.0
655 -3.0 4.0 3.0
656 -3.0 4.0 4.0
657 -3.0 4.0 5.0
658 -3.0 4.0 6.0
659 -3.0 4.0 7.0
660 -3.0 4.0 8.0
661 -3.0 4.0 9.0
662 -3.0 4.0 10.0
663 -3.0 4.0 11.0
664 -3.0 4.0 12.0
665 -3.0 4.0 13.0
666 -3.0 4.0 14.0
667 -3.0 4.0 15.0
668 -3.0 4.0 16.0
669 -3.0 4.0 17.0
670 -3.0 4.0 18.0
671 -3.0 4.0 19.0
672 -3.0 4.0 20.0
673 -3.0 5.0 0.0
674 -3.0 5.0 1.0
675 -3.0 5.0 2.0
676 -3.0 5.0 3.0
677 -3.0 5.0 4.0
678 -3.0 5.0 5.0
679 -3.0 5.0 6.0
680 -3.0 5.0 7.0
681 -3.0 5.0 8.0
682 -3.0 5.0 9.0
683 -3.0 5.0 10.0
684 -3.0 5.0 11.0
685 -3.0 5.0 12.0
686 -3.0 5.0 13.0
687 -3.0 5.0 14.0
688 -3.0 5.0 15.0
689 -3.0 5.0 16.0
690 -3.0 5.0 17.0
691 -3.0 5.0 18.0
692 -3.0 5.0 19.0
693 -3.0 5.0 20.0
694 -2.0 -5.0 0.0
695 -2.0 -5.0 1.0
696 -2.0 -5.0 2.0
697 -2.0 -5.0 3.0
698 -2.0 -5.0 4.0
699 -2.0 -5.0 5.0
700 -2.0 -5.0 6.0
701 -2.0 -5.0 7.0
702 -2.0 -5.0 8.0
703 -2.0 -5.0 9.0
704 -2.0 -5.0 10.0
705 -2.0 -5.0 11.0
706 -2.0 -5.0 12.0
707 -2.0 -5.0 13.0
708 -2.0 -5.0 14.0
709 -2.0 -5.0 15.0
710 -2.0 -5.0 16.0
711 -2.0 -5.0 17.0
712 -2.0 -5.0 18.0
713 -2.0 -5.0 19.0
714 -2.0 -5.0 20.0
715 -2.0 -4.0 0.0
716 -2.0 -4.0 1.0
717 -2.0 -4.0 2.0
718 -2.0 -4.0 3.0
719 -2.0 -4.0 4.0
720 -2.0 -4.0 5.0
721 -2.0 -4.0 6.0
722 -2.0 -4.0 7.0
723 -2.0 -4.0 8.0
724 -2.0 -4.0 9.0
725 -2.0 -4.0 10.0
726 -2.0 -4.0 11.0
727 -2.0 -4.0 12.0
728 -2.0 -4.0 13.0
729 -2.0 -4.0 14.0
730 -2.0 -4.0 15.0
731 -2.0 -4.0 16.0
732 -2.0 -4.0 17.0
733 -2.0 -4.0 18.0
734 -2.0 -4.0 19.0
735 -2.0 -4.0 20.0
736 -2.0 -3.0 0.0
737 -2.0 -3.0 1.0
738 -2.0 -3.0 2.0
739 -2.0 -3.0 3.0
740 -2.0 -3.0 4.0
741 -2.0 -3.0 5.0
742 -2.0 -3.0 6.0
743 -2.0 -3.0 7.0
744 -2.0 -3.0 8.0
745 -2.0 -3.0 9.0
746 -2.0 -3.0 10.0
747 -2.0 -3.0 11.0
748 -2.0 -3.0 12.0
749 -2.0 -3.0 13.0
750 -2.0 -3.0 14.0
751 -2.0 -3.0 15.0
752 -2.0 -3.0 16.0
753 -2.0 -3.0 17.0
754 -2.0 -3.0 18.0
755 -2.0 -3.0 19.0
756 -2.0 -3.0 20.0
757 -2.0 -2.0 0.0
758 -2.0 -2.0 1.0
759 -2.0 -2.0 2.0
760 -2.0 -2.0 3.0
761 -2.0 -2.0 4.0
762 -2.0 -2.0 5.0
763 -2.0 -2.0 6.0
764 -2.0 -2.0 7.0
765 -2.0 -2.0 8.0
766 -2.0 -2.0 9.0
767 -2.0 -2.0 10.0
768 -2.0 -2.0 11.0
769 -2.0 -2.0 12.0
770 -2.0 -2.0 13.0
771 -2.0 -2.0 14.0
772 -2.0 -2.0 15.0
773 -2.0 -2.0 16.0
774 -2.0 -2.0 17.0
775 -2.0 -2.0 18.0
776 -2.0 -2.0 19.0
777 -2.0 -2.0 20.0
778 -2.0 -1.0 0.0
779 -2.0 -1.0 1.0
780 -2.0 -1.0 2.0
781 -2.0 -1.0 3.0
782 -2.0 -1.0 4.0
783 -2.0 -1.0 5.0
784 -2.0 -1.0 6.0
785 -2.0 -1.0 7.0
786 -2.0 -1.0 8.0
787 -2.0 -1.0 9.0
788 -2.0 -1.0 10.0
789 -2.0 -1.0 11.0
790 -2.0 -1.0 12.0
791 -2.0 -1.0 13.0
792 -2.0 -1.0 14.0
793 -2.0 -1.0 15.0
794 -2.0 -1.0 16.0
795 -2.0 -1.0 17.0
796 -2.0 -1.0 18.0
797 -2.0 -1.0 19.0
798 -2.0 -1.0 20.0
799 -2.0 0.0 0.0
800 -2.0 0.0 1.0
801 -2.0 0.0 2.0
802 -2.0 0.0 3.0
803 -2.0 0.0 4.0
804 -2.0 0.0 5.0
805 -2.0 0.0 6.0
806 -2.0 0.0 7.0
807 -2.0 0.0 8.0
808 -2.0 0.0 9.0
809 -2.0 0.0 10.0
810 -2.0 0.0 11.0
811 -2.0 0.0 12.0
812 -2.0 0.0 13.0
813 -2.0 0.0 14.0
814 -2.0 0.0 15.0
815 -2.0 0.0 16.0
816 -2.0 0.0 17.0
817 -2.0 0.0 18.0
818 -2.0 0.0 19.0
819 -2.0 0.0 20.0
820 -2.0 1.0 0.0
821 -2.0 1.0 1.0
822 -2.0 1.0 2.0
823 -2.0 1.0 3.0
824 -2.0 1.0 4.0
825 -2.0 1.0 5.0
826 -2.0 1.0 6.0
827 -2.0 1.0 7.0
828 -2.0 1.0 8.0
829 -2.0 1.0 9.0
830 -2.0 1.0 10.0
831 -2.0 1.0 11.0
832 -2.0 1.0 12.0
833 -2.0 1.0 13.0
834 -2.0 1.0 14.0
835 -2.0 1.0 15.0
836 -2.0 1.0 16.0
837 -2.0 1.0 17.0
838 -2.0 1.0 18.0
839 -2.0 1.0 19.0
840 -2.0 1.0 20.0
841 -2.0 2.0 0.0
842 -2.0 2.0 1.0
843 -2.0 2.0 2.0
844 -2.0 2.0 3.0
845 -2.0 2.0 4.0
846 -2.0 2.0 5.0
847 -2.0 2.0 6.0
848 -2.0 2.0 7.0
849 -2.0 2.0 8.0
850 -2.0 2.0 9.0
851 -2.0 2.0 10.0
852 -2.0 2.0 11.0
853 -2.0 2.0 12.0
854 -2.0 2.0 13.0
855 -2.0 2.0 14.0
856 -2.0 2.0 15.0
857 -2.0 2.0 16.0
858 -2.0 2.0 17.0
859 -2.0 2.0 18.0
860 -2.0 2.0 19.0
861 -2.0 2.0 20.0
862 -2.0 3.0 0.0
863 -2.0 3.0 1.0
864 -2.0 3.0 2.0
865 -2.0 3.0 3.0
866 -2.0 3.0 4.0
867 -2.0 3.0 5.0
868 -2.0 3.0 6.0
869 -2.0 3.0 7.0
870 -2.0 3.0 8.0
871 -2.0 3.0 9.0
872 -2.0 3.0 10.0
873 -2.0 3.0 11.0
874 -2.0 3.0 12.0
875 -2.0 3.0 13.0
876 -2.0 3.0 14.0
877 -2.0 3.0 15.0
878 -2.0 3.0 16.0
879 -2.0 3.0 17.0
880 -2.0 3.0 18.0
881 -2.0 3.0 19.0
882 -2.0 3.0 20.0
883 -2.0 4.0 0.0
884 -2.0 4.0 1.0
885 -2.0 4.0 2.0
886 -2.0 4.0 3.0
887 -2.0 4.0 4.0
888 -2.0 4.0 5.0
889 -2.0 4.0 6.0
890 -2.0 4.0 7.0
891 -2.0 4.0 8.0
892 -2.0 4.0 9.0
893 -2.0 4.0 10.0
894 -2.0 4.0 11.0
895 -2.0 4.0 12.0
896 -2.0 4.0 13.0
897 -2.0 4.0 14.0
898 -2.0 4.0 15.0
899 -2.0 4.0 16.0
900 -2.0 4.0 17.0
901 -2.0 4.0 18.0
902 -2.0 4.0 19.0
903 -2.0 4.0 20.0
904 -2.0 5.0 0.0
905 -2.0 5.0 1.0
906 -2.0 5.0 2.0
907 -2.0 5.0 3.0
908 -2.0 5.0 4.0
909 -2.0 5.0 5.0
910 -2.0 5.0 6.0
911 -2.0 5.0 7.0
912 -2.0 5.0 8.0
913 -2.0 5.0 9.0
914 -2.0 5.0 10.0
915 -2.0 5.0 11.0
916 -2.0 5.0 12.0
917 -2.0 5.0 13.0
918 -2.0 5.0 14.0
919 -2.0 5.0 15.0
920 -2.0 5.0 16.0
921 -2.0 5.0 17.0
922 -2.0 5.0 18.0
923 -2.0 5.0 19.0
924 -2.0 5.0 20.0
925 -1.0 -5.0 0.0
926 -1.0 -5.0 1.0
927 -1.0 -5.0 2.0
928 -1.0 -5.0 3.0
929 -1.0 -5.0 4.0
930 -1.0 -5.0 5.0
931 -1.0 -5.0 6.0
932 -1.0 -5.0 7.0
933 -1.0 -5.0 8.0
934 -1.0 -5.0 9.0
935 -1.0 -5.0 10.0
936 -1.0 -5.0 11.0
937 -1.0 -5.0 12.0
938 -1.0 -5.0 13.0
939 -1.0 -5.0 14.0
940 -1.0 -5.0 15.0
941 -1.0 -5.0 16.0
942 -1.0 -5.0 17.0
943 -1.0 -5.0 18.0
944 -1.0 -5.0 19.0
945 -1.0 -5.0 20.0
946 -1.0 -4.0 0.0
947 -1.0 -4.0 1.0
948 -1.0 -4.0 2.0
949 -1.0 -4.0 3.0
950 -1.0 -4.0 4.0
951 -1.0 -4.0 5.0
952 -1.0 -4.0 6.0
953 -1.0 -4.0 7.0
954 -1.0 -4.0 8.0
955 -1.0 -4.0 9.0
956 -1.0 -4.0 10.0
957 -1.0 -4.0 11.0
958 -1.0 -4.0 12.0
959 -1.0 -4.0 13.0
960 -1.0 -4.0 14.0
961 -1.0 -4.0 15.0
962 -1.0 -4.0 16.0
963 -1.0 -4.0 17.0
964 -1.0 -4.0 18.0
965 -1.0 -4.0 19.0
966 -1.0 -4.0 20.0
967 -1.0 -3.0 0.0
968 -1.0 -3.0 1.0
969 -1.0 -3.0 2.0
970 -1.0 -3.0 3.0
971 -1.0 -3.0 4.0
972 -1.0 -3.0 5.0
973 -1.0 -3.0 6.0
974 -1.0 -3.0 7.0
975 -1.0 -3.0 8.0
976 -1.0 -3.0 9.0
977 -1.0 -3.0 10.0
978 -1.0 -3.0 11.0
979 -1.0 -3.0 12.0
980 -1.0 -3.0 13.0
981 -1.0 -3.0 14.0
982 -1.0 -3.0 15.0
983 -1.0 -3.0 16.0
984 -1.0 -3.0 17.0
985 -1.0 -3.0 18.0
986 -1.0 -3.0 19.0
987 -1.0 -3.0 20.0
988 -1.0 -2.0 0.0
989 -1.0 -2.0 1.0
990 -1.0 -2.0 2.0
991 -1.0 -2.0 3.0
992 -1.0 -2.0 4.0
993 -1.0 -2.0 5.0
994 -1.0 -2.0 6.0
995 -1.0 -2.0 7.0
996 -1.0 -2.0 8.0
997 -1.0 -2.0 9.0
998 -1.0 -2.0 10.0
999 -1.0 -2.0 11.0
1000 -1.0 -2.0 12.0
1001 -1.0 -2.0 13.0
1002 -1.0 -2.0 14.0
1003 -1.0 -2.0 15.0
1004 -1.0 -2.0 16.0
1005 -1.0 -2.0 17.0
1006 -1.0 -2.0 18.0
1007 -1.0 -2.0 19.0
1008 -1.0 -2.0 20.0
1009 -1.0 -1.0 0.0
1010 -1.0 -1.0 1.0
1011 -1.0 -1.0 2.0
1012 -1.0 -1.0 3.0
1013 -1.0 -1.0 4.0
1014 -1.0 -1.0 5.0
1015 -1.0 -1.0 6.0
1016 -1.0 -1.0 7.0
1017 -1.0 -1.0 8.0
1018 -1.0 -1.0 9.0
1019 -1.0 -1.0 10.0
1020 -1.0 -1.0 11.0
1021 -1.0 -1.0 12.0
1022 -1.0 -1.0 13.0
1023 -1.0 -1.0 14.0
1024 -1.0 -1.0 15.0
1025 -1.0 -1.0 16.0
1026 -1.0 -1.0 17.0
1027 -1.0 -1.0 18.0
1028 -1.0 -1.0 19.0
1029 -1.0 -1.0 20.0
1030 -1.0 0.0 0.0
1031 -1.0 0.0 1.0
1032 -1.0 0.0 2.0
1033 -1.0 0.0 3.0
1034 -1.0 0.0 4.0
1035 -1.0 0.0 5.0
1036 -1.0 0.0 6.0
1037 -1.0 0.0 7.0
1038 -1.0 0.0 8.0
1039 -1.0 0.0 9.0
1040 -1.0 0.0 10.0
1041 -1.0 0.0 11.0
1042 -1.0 0.0 12.0
1043 -1.0 0.0 13.0
1044 -1.0 0.0 14.0
1045 -1.0 0.0 15.0
1046 -1.0 0.0 16.0
1047 -1.0 0.0 17.0
1048 -1.0 0.0 18.0
1049 -1.0 0.0 19.0
1050 -1.0 0.0 20.0
1051 -1.0 1.0 0.0
1052 -1.0 1.0 1.0
1053 -1.0 1.0 2.0
1054 -1.0 1.0 3.0
1055 -1.0 1.0 4.0
1056 -1.0 1.0 5.0
1057 -1.0 1.0 6.0
1058 -1.0 1.0 7.0
1059 -1.0 1.0 8.0
1060 -1.0 1.0 9.0
1061 -1.0 1.0 10.0
1062 -1.0 1.0 11.0
1063 -1.0 1.0 12.0
1064 -1.0 1.0 13.0
1065 -1.0 1.0 14.0
1066 -1.0 1.0 15.0
1067 -1.0 1.0 16.0
1068 -1.0 1.0 17.0
1069 -1.0 1.0 18.0
1070 -1.0 1.0 19.0
1071 -1.0 1.0 20.0
1072 -1.0 2.0 0.0
1073 -1.0 2.0 1.0
1074 -1.0 2.0 2.0
1075 -1.0 2.0 3.0
1076 -1.0 2.0 4.0
1077 -1.0 2.0 5.0
1078 -1.0 2.0 6.0
1079 -1.0 2.0 7.0
1080 -1.0 2.0 8.0
1081 -1.0 2.0 9.0
1082 -1.0 2.0 10.0
1083 -1.0 2.0 11.0
1084 -1.0 2.0 12.0
1085 -1.0 2.0 13.0
1086 -1.0 2.0 14.0
1087 -1.0 2.0 15.0
1088 -1.0 2.0 16.0
1089 -1.0 2.0 17.0
1090 -1.0 2.0 18.0
1091 -1.0 2.0 19.0
1092 -1.0 2.0 20.0
1093 -1.0 3.0 0.0
1094 -1.0 3.0 1.0
1095 -1.0 3.0 2.0
1096 -1.0 3.0 3.0
1097 -1.0 3.0 4.0
1098 -1.0 3.0 5.0
1099 -1.0 3.0 6.0
1100 -1.0 3.0 7.0
1101 -1.0 3.0 8.0
1102 -1.0 3.0 9.0
1103 -1.0 3.0 10.0
1104 -1.0 3.0 11.0
1105 -1.0 3.0 12.0
1106 -1.0 3.0 13.0
1107 -1.0 3.0 14.0
1108 -1.0 3.0 15.0
1109 -1.0 3.0 16.0
1110 -1.0 3.0 17.0
1111 -1.0 3.0 18.0
1112 -1.0 3.0 19.0
1113 -1.0 3.0 20.0
1114 -1.0 4.0 0.0
1115 -1.0 4.0 1.0
1116 -1.0 4.0 2.0
1117 -1.0 4.0 3.0
1118 -1.0 4.0 4.0
1119 -1.0 4.0 5.0
1120 -1.0 4.0 6.0
1121 -1.0 4.0 7.0
1122 -1.0 4.0 8.0
1123 -1.0 4.0 9.0
1124 -1.0 4.0 10.0
1125 -1.0 4.0 11.0
1126 -1.0 4.0 12.0
1127 -1.0 4.0 13.0
1128 -1.0 4.0 14.0
1129 -1.0 4.0 15.0
1130 -1.0 4.0 16.0
1131 -1.0 4.0 17.0
1132 -1.0 4.0 18.0
1133 -1.0 4.0 19.0
1134 -1.0 4.0 20.0
1135 -1.0 5.0 0.0
1136 -1.0 5.0 1.0
1137 -1.0 5.0 2.0
1138 -1.0 5.0 3.0
1139 -1.0 5.0 4.0
1140 -1.0 5.0 5.0
1141 -1.0 5.0 6.0
1142 -1.0 5.0 7.0
1143 -1.0 5.0 8.0
1144 -1.0 5.0 9.0
1145 -1.0 5.0 10.0
1146 -1.0 5.0 11.0
1147 -1.0 5.0 12.0
1148 -1.0 5.0 13.0
1149 -1.0 5.0 14.0
1150 -1.0 5.0 15.0
1151 -1.0 5.0 16.0
1152 -1.0 5.0 17.0
1153 -1.0 5.0 18.0
1154 -1.0 5.0 19.0
1155 -1.0 5.0 20.0
1156 0.0 -5.0 0.0
1157 0.0 -5.0 1.0
1158 0.0 -5.0 2.0
1159 0.0 -5.0 3.0
1160 0.0 -5.0 4.0
1161 0.0 -5.0 5.0
1162 0.0 -5.0 6.0
1163 0.0 -5.0 7.0
1164 0.0 -5.0 8.0
1165 0.0 -5.0 9.0
1166 0.0 -5.0 10.0
1167 0.0 -5.0 11.0
1168 0.0 -5.0 12.0
1169 0.0 -5.0 13.0
1170 0.0 -5.0 14.0
1171 0.0 -5.0 15.0
1172 0.0 -5.0 16.0
1173 0.0 -5.0 17.0
1174 0.0 -5.0 18.0
1175 0.0 -5.0 19.0
1176 0.0 -5.0 20.0
1177 0.0 -4.0 0.0
1178 0.0 -4.0 1.0
1179 0.0 -4.0 2.0
1180 0.0 -4.0 3.0
1181 0.0 -4.0 4.0
1182 0.0 -4.0 5.0
1183 0.0 -4.0 6.0
1184 0.0 -4.0 7.0
1185 0.0 -4.0 8.0
1186 0.0 -4.0 9.0
1187 0.0 -4.0 10.0
1188 0.0 -4.0 11.0
1189 0.0 -4.0 12.0
1190 0.0 -4.0 13.0
1191 0.0 -4.0 14.0
1192 0.0 -4.0 15.0
1193 0.0 -4.0 16.0
1194 0.0 -4.0 17.0
1195 0.0 -4.0 18.0
1196 0.0 -4.0 19.0
1197 0.0 -4.0 20.0
1198 0.0 -3.0 0.0
1199 0.0 -3.0 1.0
1200 0.0 -3.0 2.0
1201 0.0 -3.0 3.0
1202 0.0 -3.0 4.0
1203 0.0 -3.0 5.0
1204 0.0 -3.0 6.0
1205 0.0 -3.0 7.0
1206 0.0 -3.0 8.0
1207 0.0 -3.0 9.0
1208 0.0 -3.0 10.0
1209 0.0 -3.0 11.0
1210 0.0 -3.0 12.0
1211 0.0 -3.0 13.0
1212 0.0 -3.0 14.0
1213 0.0 -3.0 15.0
1214 0.0 -3.0 16.0
1215 0.0 -3.0 17.0
1216 0.0 -3.0 18.0
1217 0.0 -3.0 19.0
1218 0.0 -3.0 20.0
1219 0.0 -2.0 0.0
1220 0.0 -2.0 1.0
1221 0.0 -2.0 2.0
1222 0.0 -2.0 3.0
1223 0.0 -2.0 4.0
1224 0.0 -2.0 5.0
1225 0.0 -2.0 6.0
1226 0.0 -2.0 7.0
1227 0.0 -2.0 8.0
1228 0.0 -2.0 9.0
1229 0.0 -2.0 10.0
1230 0.0 -2.0 11.0
1231 0.0 -2.0 12.0
1232 0.0 -2.0 13.0
1233 0.0 -2.0 14.0
1234 0.0 -2.0 15.0
1235 0.0 -2.0 16.0
1236 0.0 -2.0 17.0
1237 0.0 -2.0 18.0
1238 0.0 -2.0 19.0
1239 0.0 -2.0 20.0
1240 0.0 -1.0 0.0
1241 0.0 -1.0 1.0
1242 0.0 -1.0 2.0
1243 0.0 -1.0 3.0
1244 0.0 -1.0 4.0
1245 0.0 -1.0 5.0
1246 0.0 -1.0 6.0
1247 0.0 -1.0 7.0
1248 0.0 -1.0 8.0
1249 0.0 -1.0 9.0
1250 0.0 -1.0 10.0
1251 0.0 -1.0 11.0
1252 0.0 -1.0 12.0
1253 0.0 -1.0 13.0
1254 0.0 -1.0 14.0
1255 0.0 -1.0 15.0
1256 0.0 -1.0 16.0
1257 0.0 -1.0 17.0
1258 0.0 -1.0 18.0
1259 0.0 -1.0 19.0
1260 0.0 -1.0 20.0
1261 0.0 0.0 0.0
1262 0.0 0.0 1.0
1263 0.0 0.0 2.0
1264 0.0 0.0 3.0
1265 0.0 0.0 4.0
1266 0.0 0.0 5.0
1267 0.0 0.0 6.0
1268 0.0 0.0 7.0
1269 0.0 0.0 8.0
1270 0.0 0.0 9.0
1271 0.0 0.0 10.0
1272 0.0 0.0 11.0
1273 0.0 0.0 12.0
1274 0.0 0.0 13.0
1275 0.0 0.0 14.0
1276 0.0 0.0 15.0
1277 0.0 0.0 16.0
1278 0.0 0.0 17.0
1279 0.0 0.0 18.0
1280 0.0 0.0 19.0
1281 0.0 0.0 20.0
1282 0.0 1.0 0.0
1283 0.0 1.0 1.0
1284 0.0 1.0 2.0
1285 0.0 1.0 3.0
1286 0.0 1.0 4.0
1287 0.0 1.0 5.0
1288 0.0 1.0 6.0
1289 0.0 1.0 7.0
1290 0.0 1.0 8.0
1291 0.0 1.0 9.0
1292 0.0 1.0 10.0
1293 0.0 1.0 11.0
1294 0.0 1.0 12.0
1295 0.0 1.0 13.0
1296 0.0 1.0 14.0
1297 0.0 1.0 15.0
1298 0.0 1.0 16.0
1299 0.0 1.0 17.0
1300 0.0 1.0 18.0
1301 0.0 1.0 19.0
1302 0.0 1.0 20.0
1303 0.0 2.0 0.0
1304 0.0 2.0 1.0
1305 0.0 2.0 2.0
1306 0.0 2.0 3.0
1307 0.0 2.0 4.0
1308 0.0 2.0 5.0
1309 0.0 2.0 6.0
1310 0.0 2.0 7.0
1311 0.0 2.0 8.0
1312 0.0 2.0 9.0
1313 0.0 2.0 10.0
1314 0.0 2.0 11.0
1315 0.0 2.0 12.0
1316 0.0 2.0 13.0
1317 0.0 2.0 14.0
1318 0.0 2.0 15.0
1319 0.0 2.0 16.0
1320 0.0 2.0 17.0
1321 0.0 2.0 18.0
1322 0.0 2.0 19.0
1323 0.0 2.0 20.0
1324 0.0 3.0 0.0
1325 0.0 3.0 1.0
1326 0.0 3.0 2.0
1327 0.0 3.0 3.0
1328 0.0 3.0 4.0
1329 0.0 3.0 5.0
1330 0.0 3.0 6.0
1331 0.0 3.0 7.0
1332 0.0 3.0 8.0
1333 0.0 3.0 9.0
1334 0.0 3.0 10.0
1335 0.0 3.0 11.0
1336 0.0 3.0 12.0
1337 0.0 3.0 13.0
1338 0.0 3.0 14.0
1339 0.0 3.0 15.0
1340 0.0 3.0 16.0
1341 0.0 3.0 17.0
1342 0.0 3.0 18.0
1343 0.0 3.0 19.0
1344 0.0 3.0 20.0
1345 0.0 4.0 0.0
1346 0.0 4.0 1.0
1347 0.0 4.0 2.0
1348 0.0 4.0 3.0
1349 0.0 4.0 4.0
1350 0.0 4.0 5.0
1351 0.0 4.0 6.0
1352 0.0 4.0 7.0
1353 0.0 4.0 8.0
1354 0.0 4.0 9.0
1355 0.0 4.0 10.0
1356 0.0 4.0 11.0
1357 0.0 4.0 12.0
1358 0.0 4.0 13.0
1359 0.0 4.0 14.0
1360 0.0 4.0 15.0
1361 0.0 4.0 16.0
1362 0.0 4.0 17.0
1363 0.0 4.0 18.0
1364 0.0 4.0 19.0
1365 0.0 4.0 20.0
1366 0.0 5.0 0.0
1367 0.0 5.0 1.0
1368 0.0 5.0 2.0
1369 0.0 5.0 3.0
1370 0.0 5.0 4.0
1371 0.0 5.0 5.0
1372 0.0 5.0 6.0
1373 0.0 5.0 7.0
1374 0.0 5.0 8.0
1375 0.0 5.0 9.0
1376 0.0 5.0 10.0
1377 0.0 5.0 11.0
1378 0.0 5.0 12.0
1379 0.0 5.0 13.0
1380 0.0 5.0 14.0
1381 0.0 5.0 15.0
1382 0.0 5.0 16.0
1383 0.0 5.0 17.0
1384 0.0 5.0 18.0
1385 0.0 5.0 19.0
1386 0.0 5.0 20.0
1387 1.0 -5.0 0.0
1388 1.0 -5.0 1.0
1389 1.0 -5.0 2.0
1390 1.0 -5.0 3.0
1391 1.0 -5.0 4.0
1392 1.0 -5.0 5.0
1393 1.0 -5.0 6.0
1394 1.0 -5.0 7.0
1395 1.0 -5.0 8.0
1396 1.0 -5.0 9.0
1397 1.0 -5.0 10.0
1398 1.0 -5.0 11.0
1399 1.0 -5.0 12.0
1400 1.0 -5.0 13.0
1401 1.0 -5.0 14.0
1402 1.0 -5.0 15.0
1403 1.0 -5.0 16.0
1404 1.0 -5.0 17.0
1405 1.0 -5.0 18.0
1406 1.0 -5.0 19.0
1407 1.0 -5.0 20.0
1408 1.0 -4.0 0.0
1409 1.0 -4.0 1.0
1410 1.0 -4.0 2.0
1411 1.0 -4.0 3.0
1412 1.0 -4.0 4.0
1413 1.0 -4.0 5.0
1414 1.0 -4.0 6.0
1415 1.0 -4.0 7.0
1416 1.0 -4.0 8.0
1417 1.0 -4.0 9.0
1418 1.0 -4.0 10.0
1419 1.0 -4.0 11.0
1420 1.0 -4.0 12.0
1421 1.0 -4.0 13.0
1422 1.0 -4.0 14.0
1423 1.0 -4.0 15.0
1424 1.0 -4.0 16.0
1425 1.0 -4.0 17.0
1426 1.0 -4.0 18.0
1427 1.0 -4.0 19.0
1428 1.0 -4.0 20.0
1429 1.0 -3.0 0.0
1430 1.0 -3.0 1.0
1431 1.0 -3.0 2.0
1432 1.0 -3.0 3.0
1433 1.0 -3.0 4.0
1434 1.0 -3.0 5.0
1435 1.0 -3.0 6.0
1436 1.0 -3.0 7.0
1437 1.0 -3.0 8.0
1438 1.0 -3.0 9.0
1439 1.0 -3.0 10.0
1440 1.0 -3.0 11.0
1441 1.0 -3.0 12.0
1442 1.0 -3.0 13.0
1443 1.0 -3.0 14.0
1444 1.0 -3.0 15.0
1445 1.0 -3.0 16.0
1446 1.0 -3.0 17.0
1447 1.0 -3.0 18.0
1448 1.0 -3.0 19.0
1449 1.0 -3.0 20.0
1450 1.0 -2.0 0.0
1451 1.0 -2.0 1.0
1452 1.0 -2.0 2.0
1453 1.0 -2.0 3.0
1454 1.0 -2.0 4.0
1455 1.0 -2.0 5.0
1456 1.0 -2.0 6.0
1457 1.0 -2.0 7.0
1458 1.0 -2.0 8.0
1459 1.0 -2.0 9.0
1460 1.0 -2.0 10.0
1461 1.0 -2.0 11.0
1462 1.0 -2.0 12.0
1463 1.0 -2.0 13.0
1464 1.0 -2.0 14.0
1465 1.0 -2.0 15.0
1466 1.0 -2.0 16.0
1467 1.0 -2.0 17.0
1468 1.0 -2.0 18.0
1469 1.0 -2.0 19.0
1470 1.0 -2.0 20.0
1471 1.0 -1.0 0.0
1472 1.0 -1.0 1.0
1473 1.0 -1.0 2.0
1474 1.0 -1.0 3.0
1475 1.0 -1.0 4.0
1476 1.0 -1.0 5.0
1477 1.0 -1.0 6.0
1478 1.0 -1.0 7.0
1479 1.0 -1.0 8.0
1480 1.0 -1.0 9.0
1481 1.0 -1.0 10.0
1482 1.0 -1.0 11.0
1483 1.0 -1.0 12.0
1484 1.0 -1.0 13.0
1485 1.0 -1.0 14.0
1486 1.0 -1.0 15.0
1487 1.0 -1.0 16.0
1488 1.0 -1.0 17.0
1489 1.0 -1.0 18.0
1490 1.0 -1.0 19.0
1491 1.0 -1.0 20.0
1492 1.0 0.0 0.0
1493 1.0 0.0 1.0
1494 1.0 0.0 2.0
1495 1.0 0.0 3.0
1496 1.0 0.0 4.0
1497 1.0 0.0 5.0
1498 1.0 0.0 6.0
1499 1.0 0.0 7.0
1500 1.0 0.0 8.0
1501 1.0 0.0 9.0
1502 1.0 0.0 10.0
1503 1.0 0.0 11.0
1504 1.0 0.0 12.0
1505 1.0 0.0 13.0
1506 1.0 0.0 14.0
1507 1.0 0.0 15.0
1508 1.0 0.0 16.0
1509 1.0 0.0 17.0
1510 1.0 0.0 18.0
1511 1.0 0.0 19.0
1512 1.0 0.0 20.0
1513 1.0 1.0 0.0
1514 1.0 1.0 1.0
1515 1.0 1.0 2.0
1516 1.0 1.0 3.0
1517 1.0 1.0 4.0
1518 1.0 1.0 5.0
1519 1.0 1.0 6.0
1520 1.0 1.0 7.0
1521 1.0 1.0 8.0
1522 1.0 1.0 9.0
1523 1.0 1.0 10.0
1524 1.0 1.0 11.0
1525 1.0 1.0 12.0
1526 1.0 1.0 13.0
1527 1.0 1.0 14.0
1528 1.0 1.0 15.0
1529 1.0 1.0 16.0
1530 1.0 1.0 17.0
1531 1.0 1.0 18.0
1532 1.0 1.0 19.0
1533 1.0 1.0 20.0
1534 1.0 2.0 0.0
1535 1.0 2.0 1.0
1536 1.0 2.0 2.0
1537 1.0 2.0 3.0
1538 1.0 2.0 4.0
1539 1.0 2.0 5.0
1540 1.0 2.0 6.0
1541 1.0 2.0 7.0
1542 1.0 2.0 8.0
1543 1.0 2.0 9.0
1544 1.0 2.0 10.0
1545 1.0 2.0 11.0
1546 1.0 2.0 12.0
1547 1.0 2.0 13.0
1548 1.0 2.0 14.0
1549 1.0 2.0 15.0
1550 1.0 2.0 16.0
1551 1.0 2.0 17.0
1552 1.0 2.0 18.0
1553 1.0 2.0 19.0
1554 1.0 2.0 20.0
1555 1.0 3.0 0.0
1556 1.0 3.0 1.0
1557 1.0 3.0 2.0
1558 1.0 3.0 3.0
1559 1.0 3.0 4.0
1560 1.0 3.0 5.0
1561 1.0 3.0 6.0
1562 1.0 3.0 7.0
1563 1.0 3.0 8.0
1564 1.0 3.0 9.0
1565 1.0 3.0 10.0
1566 1.0 3.0 11.0
1567 1.0 3.0 12.0
1568 1.0 3.0 13.0
1569 1.0 3.0 14.0
1570 1.0 3.0 15.0
1571 1.0 3.0 16.0
1572 1.0 3.0 17.0
1573 1.0 3.0 18.0
1574 1.0 3.0 19.0
1575 1.0 3.0 20.0
1576 1.0 4.0 0.0
1577 1.0 4.0 1.0
1578 1.0 4.0 2.0
1579 1.0 4.0 3.0
1580 1.0 4.0 4.0
1581 1.0 4.0 5.0
1582 1.0 4.0 6.0
1583 1.0 4.0 7.0
1584 1.0 4.0 8.0
1585 1.0 4.0 9.0
1586 1.0 4.0 10.0
1587 1.0 4.0 11.0
1588 1.0 4.0 12.0
1589 1.0 4.0 13.0
1590 1.0 4.0 14.0
1591 1.0 4.0 15.0
1592 1.0 4.0 16.0
1593 1.0 4.0 17.0
1594 1.0 4.0 18.0
1595 1.0 4.0 19.0
1596 1.0 4.0 20.0
1597 1.0 5.0 0.0
1598 1.0 5.0 1.0
1599 1.0 5.0 2.0
1600 1.0 5.0 3.0
1601 1.0 5.0 4.0
1602 1.0 5.0 5.0
1603 1.0 5.0 6.0
1604 1.0 5.0 7.0
1605 1.0 5.0 8.0
1606 1.0 5.0 9.0
1607 1.0 5.0 10.0
1608 1.0 5.0 11.0
1609 1.0 5.0 12.0
1610 1.0 5.0 13.0
1611 1.0 5.0 14.0
1612 1.0 5.0 15.0
1613 1.0 5.0 16.0
1614 1.0 5.0 17.0
1615 1.0 5.0 18.0
1616 1.0 5.0 19.0
1617 1.0 5.0 20.0
1618 2.0 -5.0 0.0
1619 2.0 -5.0 1.0
1620 2.0 -5.0 2.0
1621 2.0 -5.0 3.0
1622 2.0 -5.0 4.0
1623 2.0 -5.0 5.0
1624 2.0 -5.0 6.0
1625 2.0 -5.0 7.0
1626 2.0 -5.0 8.0
1627 2.0 -5.0 9.0
1628 2.0 -5.0 10.0
1629 2.0 -5.0 11.0
1630 2.0 -5.0 12.0
1631 2.0 -5.0 13.0
1632 2.0 -5.0 14.0
1633 2.0 -5.0 15.0
1634 2.0 -5.0 16.0
1635 2.0 -5.0 17.0
1636 2.0 -5.0 18.0
1637 2.0 -5.0 19.0
1638 2.0 -5.0 20.0
1639 2.0 -4.0 0.0
1640 2.0 -4.0 1.0
1641 2.0 -4.0 2.0
1642 2.0 -4.0 3.0
1643 2.0 -4.0 4.0
1644 2.0 -4.0 5.0
1645 2.0 -4.0 6.0
1646 2.0 -4.0 7.0
1647 2.0 -4.0 8.0
1648 2.0 -4.0 9.0
1649 2.0 -4.0 10.0
1650 2.0 -4.0 11.0
1651 2.0 -4.0 12.0
1652 2.0 -4.0 13.0
1653 2.0 -4.0 14.0
1654 2.0 -4.0 15.0
1655 2.0 -4.0 16.0
1656 2.0 -4.0 17.0
1657 2.0 -4.0 18.0
1658 2.0 -4.0 19.0
1659 2.0 -4.0 20.0
1660 2.0 -3.0 0.0
1661 2.0 -3.0 1.0
1662 2.0 -3.0 2.0
1663 2.0 -3.0 3.0
1664 2.0 -3.0 4.0
1665 2.0 -3.0 5.0
1666 2.0 -3.0 6.0
1667 2.0 -3.0 7.0
1668 2.0 -3.0 8.0
1669 2.0 -3.0 9.0
1670 2.0 -3.0 10.0
1671 2.0 -3.0 11.0
1672 2.0 -3.0 12.0
1673 2.0 -3.0 13.0
1674 2.0 -3.0 14.0
1675 2.0 -3.0 15.0
1676 2.0 -3.0 16.0
1677 2.0 -3.0 17.0
1678 2.0 -3.0 18.0
1679 2.0 -3.0 19.0
1680 2.0 -3.0 20.0
1681 2.0 -2.0 0.0
1682 2.0 -2.0 1.0
1683 2.0 -2.0 2.0
1684 2.0 -2.0 3.0
1685 2.0 -2.0 4.0
1686 2.0 -2.0 5.0
1687 2.0 -2.0 6.0
1688 2.0 -2.0 7.0
1689 2.0 -2.0 8.0
1690 2.0 -2.0 9.0
1691 2.0 -2.0 10.0
1692 2.0 -2.0 11.0
1693 2.0 -2.0 12.0
1694 2.0 -2.0 13.0
1695 2.0 -2.0 14.0
1696 2.0 -2.0 15.0
1697 2.0 -2.0 16.0
1698 2.0 -2.0 17.0
1699 2.0 -2.0 18.0
1700 2.0 -2.0 19.0
1701 2.0 -2.0 20.0
1702 2.0 -1.0 0.0
1703 2.0 -1.0 1.0
1704 2.0 -1.0 2.0
1705 2.0 -1.0 3.0
1706 2.0 -1.0 4.0
1707 2.0 -1.0 5.0
1708 2.0 -1.0 6.0
1709 2.0 -1.0 7.0
1710 2.0 -1.0 8.0
1711 2.0 -1.0 9.0
1712 2.0 -1.0 10.0
1713 2.0 -1.0 11.0
1714 2.0 -1.0 12.0
1715 2.0 -1.0 13.0
1716 2.0 -1.0 14.0
1717 2.0 -1.0 15.0
1718 2.0 -1.0 16.0
1719 2.0 -1.0 17.0
1720 2.0 -1.0 18.0
1721 2.0 -1.0 19.0
1722 2.0 -1.0 20.0
1723 2.0 0.0 0.0
1724 2.0 0.0 1.0
1725 2.0 0.0 2.0
1726 2.0 0.0 3.0
1727 2.0 0.0 4.0
1728 2.0 0.0 5.0
1729 2.0 0.0 6.0
1730 2.0 0.0 7.0
1731 2.0 0.0 8.0
1732 2.0 0.0 9.0
1733 2.0 0.0 10.0
1734 2.0 0.0 11.0
1735 2.0 0.0 12.0
1736 2.0 0.0 13.0
1737 2.0 0.0 14.0
1738 2.0 0.0 15.0
1739 2.0 0.0 16.0
1740 2.0 0.0 17.0
1741 2.0 0.0 18.0
1742 2.0 0.0 19.0
1743 2.0 0.0 20.0
1744 2.0 1.0 0.0
1745 2.0 1.0 1.0
1746 2.0 1.0 2.0
1747 2.0 1.0 3.0
1748 2.0 1.0 4.0
1749 2.0 1.0 5.0
1750 2.0 1.0 6.0
1751 2.0 1.0 7.0
1752 2.0 1.0 8.0
1753 2.0 1.0 9.0
1754 2.0 1.0 10.0
1755 2.0 1.0 11.0
1756 2.0 1.0 12.0
1757 2.0 1.0 13.0
1758 2.0 1.0 14.0
1759 2.0 1.0 15.0
1760 2.0 1.0 16.0
1761 2.0 1.0 17.0
1762 2.0 1.0 18.0
1763 2.0 1.0 19.0
1764 2.0 1.0 20.0
1765 2.0 2.0 0.0
1766 2.0 2.0 1.0
1767 2.0 2.0 2.0
1768 2.0 2.0 3.0
1769 2.0 2.0 4.0
1770 2.0 2.0 5.0
1771 2.0 2.0 6.0
1772 2.0 2.0 7.0
1773 2.0 2.0 8.0
1774 2.0 2.0 9.0
1775 2.0 2.0 10.0
1776 2.0 2.0 11.0
1777 2.0 2.0 12.0
1778 2.0 2.0 13.0
1779 2.0 2.0 14.0
1780 2.0 2.0 15.0
1781 2.0 2.0 16.0
1782 2.0 2.0 17.0
1783 2.0 2.0 18.0
1784 2.0 2.0 19.0
1785 2.0 2.0 20.0
1786 2.0 3.0 0.0
1787 2.0 3.0 1.0
1788 2.0 3.0 2.0
1789 2.0 3.0 3.0
1790 2.0 3.0 4.0
1791 2.0 3.0 5.0
1792 2.0 3.0 6.0
1793 2.0 3.0 7.0
1794 2.0 3.0 8.0
1795 2.0 3.0 9.0
1796 2.0 3.0 10.0
1797 2.0 3.0 11.0
1798 2.0 3.0 12.0
1799 2.0 3.0 13.0
1800 2.0 3.0 14.0
1801 2.0 3.0 15.0
1802 2.0 3.0 16.0
1803 2.0 3.0 17.0
1804 2.0 3.0 18.0
1805 2.0 3.0 19.0
1806 2.0 3.0 20.0
1807 2.0 4.0 0.0
1808 2.0 4.0 1.0
1809 2.0 4.0 2.0
1810 2.0 4.0 3.0
1811 2.0 4.0 4.0
1812 2.0 4.0 5.0
1813 2.0 4.0 6.0
1814 2.0 4.0 7.0
1815 2.0 4.0 8.0
1816 2.0 4.0 9.0
1817 2.0 4.0 10.0
1818 2.0 4.0 11.0
1819 2.0 4.0 12.0
1820 2.0 4.0 13.0
1821 2.0 4.0 14.0
1822 2.0 4.0 15.0
1823 2.0 4.0 16.0
1824 2.0 4.0 17.0
1825 2.0 4.0 18.0
1826 2.0 4.0 19.0
1827 2.0 4.0 20.0
1828 2.0 5.0 0.0
1829 2.0 5.0 1.0
1830 2.0 5.0 2.0
1831 2.0 5.0 3.0
1832 2.0 5.0 4.0
1833 2.0 5.0 5.0
1834 2.0 5.0 6.0
1835 2.0 5.0 7.0
1836 2.0 5.0 8.0
1837 2.0 5.0 9.0
1838 2.0 5.0 10.0
1839 2.0 5.0 11.0
1840 2.0 5.0 12.0
1841 2.0 5.0 13.0
1842 2.0 5.0 14.0
1843 2.0 5.0 15.0
1844 2.0 5.0 16.0
1845 2.0 5.0 17.0
1846 2.0 5.0 18.0
1847 2.0 5.0 19.0
1848 2.0 5.0 20.0
1849 3.0 -5.0 0.0
1850 3.0 -5.0 1.0
1851 3.0 -5.0 2.0
1852 3.0 -5.0 3.0
1853 3.0 -5.0 4.0
1854 3.0 -5.0 5.0
1855 3.0 -5.0 6.0
1856 3.0 -5.0 7.0
1857 3.0 -5.0 8.0
1858 3.0 -5.0 9.0
1859 3.0 -5.0 10.0
1860 3.0 -5.0 11.0
1861 3.0 -5.0 12.0
1862 3.0 -5.0 13.0
1863 3.0 -5.0 14.0
1864 3.0 -5.0 15.0
1865 3.0 -5.0 16.0
1866 3.0 -5.0 17.0
1867 3.0 -5.0 18.0
1868 3.0 -5.0 19.0
1869 3.0 -5.0 20.0
1870 3.0 -4.0 0.0
1871 3.0 -4.0 1.0
1872 3.0 -4.0 2.0
1873 3.0 -4.0 3.0
1874 3.0 -4.0 4.0
1875 3.0 -4.0 5.0
1876 3.0 -4.0 6.0
1877 3.0 -4.0 7.0
1878 3.0 -4.0 8.0
1879 3.0 -4.0 9.0
1880 3.0 -4.0 10.0
1881 3.0 -4.0 11.0
1882 3.0 -4.0 12.0
1883 3.0 -4.0 13.0
1884 3.0 -4.0 14.0
1885 3.0 -4.0 15.0
1886 3.0 -4.0 16.0
1887 3.0 -4.0 17.0
1888 3.0 -4.0 18.0
1889 3.0 -4.0 19.0
1890 3.0 -4.0 20.0
1891 3.0 -3.0 0.0
1892 3.0 -3.0 1.0
1893 3.0 -3.0 2.0
1894 3.0 -3.0 3.0
1895 3.0 -3.0 4.0
1896 3.0 -3.0 5.0
1897 3.0 -3.0 6.0
1898 3.0 -3.0 7.0
1899 3.0 -3.0 8.0
1900 3.0 -3.0 9.0
1901 3.0 -3.0 10.0
1902 3.0 -3.0 11.0
1903 3.0 -3.0 12.0
1904 3.0 -3.0 13.0
1905 3.0 -3.0 14.0
1906 3.0 -3.0 15.0
1907 3.0 -3.0 16.0
1908 3.0 -3.0 17.0
1909 3.0 -3.0 18.0
1910 3.0 -3.0 19.0
1911 3.0 -3.0 20.0
1912 3.0 -2.0 0.0
1913 3.0 -2.0 1.0
1914 3.0 -2.0 2.0
1915 3.0 -2.0 3.0
1916 3.0 -2.0 4.0
1917 3.0 -2.0 5.0
1918 3.0 -2.0 6.0
1919 3.0 -2.0 7.0
1920 3.0 -2.0 8.0
1921 3.0 -2.0 9.0
1922 3.0 -2.0 10.0
1923 3.0 -2.0 11.0
1924 3.0 -2.0 12.0
1925 3.0 -2.0 13.0
1926 3.0 -2.0 14.0
1927 3.0 -2.0 15.0
1928 3.0 -2.0 16.0
1929 3.0 -2.0 17.0
1930 3.0 -2.0 18.0
1931 3.0 -2.0 19.0
1932 3.0 -2.0 20.0
1933 3.0 -1.0 0.0
1934 3.0 -1.0 1.0
1935 3.0 -1.0 2.0
1936 3.0 -1.0 3.0
1937 3.0 -1.0 4.0
1938 3.0 -1.0 5.0
1939 3.0 -1.0 6.0
1940 3.0 -1.0 7.0
1941 3.0 -1.0 8.0
1942 3.0 -1.0 9.0
1943 3.0 -1.0 10.0
1944 3.0 -1.0 11.0
1945 3.0 -1.0 12.0
1946 3.0 -1.0 13.0
1947 3.0 -1.0 14.0
1948 3.0 -1.0 15.0
1949 3.0 -1.0 16.0
1950 3.0 -1.0 17.0
1951 3.0 -1.0 18.0
1952 3.0 -1.0 19.0
1953 3.0 -1.0 20.0
1954 3.0 0.0 0.0
1955 3.0 0.0 1.0
1956 3.0 0.0 2.0
1957 3.0 0.0 3.0
1958 3.0 0.0 4.0
1959 3.0 0.0 5.0
1960 3.0 0.0 6.0
1961 3.0 0.0 7.0
1962 3.0 0.0 8.0
1963 3.0 0.0 9.0
1964 3.0 0.0 10.0
1965 3.0 0.0 11.0
1966 3.0 0.0 12.0
1967 3.0 0.0 13.0
1968 3.0 0.0 14.0
1969 3.0 0.0 15.0
1970 3.0 0.0 16.0
1971 3.0 0.0 17.0
1972 3.0 0.0 18.0
1973 3.0 0.0 19.0
1974 3.0 0.0 20.0
1975 3.0 1.0 0.0
1976 3.0 1.0 1.0
1977 3.0 1.0 2.0
1978 3.0 1.0 3.0
1979 3.0 1.0 4.0
1980 3.0 1.0 5.0
1981 3.0 1.0 6.0
1982 3.0 1.0 7.0
1983 3.0 1.0 8.0
1984 3.0 1.0 9.0
1985 3.0 1.0 10.0
1986 3.0 1.0 11.0
1987 3.0 1.0 12.0
1988 3.0 1.0 13.0
1989 3.0 1.0 14.0
1990 3.0 1.0 15.0
1991 3.0 1.0 16.0
1992 3.0 1.0 17.0
1993 3.0 1.0 18.0
1994 3.0 1.0 19.0
1995 3.0 1.0 20.0
1996 3.0 2.0 0.0
1997 3.0 2.0 1.0
1998 3.0 2.0 2.0
1999 3.0 2.0 3.0
2000 3.0 2.0 4.0
2001 3.0 2.0 5.0
2002 3.0 2.0 6.0
2003 3.0 2.0 7.0
2004 3.0 2.0 8.0
2005 3.0 2.0 9.0
2006 3.0 2.0 10.0
2007 3.0 2.0 11.0
2008 3.0 2.0 12.0
2009 3.0 2.0 13.0
2010 3.0 2.0 14.0
2011 3.0 2.0 15.0
2012 3.0 2.0 16.0
2013 3.0 2.0 17.0
2014 3.0 2.0 18.0
2015 3.0 2.0 19.0
2016 3.0 2.0 20.0
2017 3.0 3.0 0.0
2018 3.0 3.0 1.0
2019 3.0 3.0 2.0
2020 3.0 3.0 3.0
2021 3.0 3.0 4.0
2022 3.0 3.0 5.0
2023 3.0 3.0 6.0
2024 3.0 3.0 7.0
2025 3.0 3.0 8.0
2026 3.0 3.0 9.0
2027 3.0 3.0 10.0
2028 3.0 3.0 11.0
2029 3.0 3.0 12.0
2030 3.0 3.0 13.0
2031 3.0 3.0 14.0
2032 3.0 3.0 15.0
2033 3.0 3.0 16.0
2034 3.0 3.0 17.0
2035 3.0 3.0 18.0
2036 3.0 3.0 19.0
2037 3.0 3.0 20.0
2038 3.0 4.0 0.0
2039 3.0 4.0 1.0
2040 3.0 4.0 2.0
2041 3.0 4.0 3.0
2042 3.0 4.0 4.0
2043 3.0 4.0 5.0
2044 3.0 4.0 6.0
2045 3.0 4.0 7.0
2046 3.0 4.0 8.0
2047 3.0 4.0 9.0
2048 3.0 4.0 10.0
2049 3.0 4.0 11.0
2050 3.0 4.0 12.0
2051 3.0 4.0 13.0
2052 3.0 4.0 14.0
2053 3.0 4.0 15.0
2054 3.0 4.0 16.0
2055 3.0 4.0 17.0
2056 3.0 4.0 18.0
2057 3.0 4.0 19.0
2058 3.0 4.0 20.0
2059 3.0 5.0 0.0
2060 3.0 5.0 1.0
2061 3.0 5.0 2.0
2062 3.0 5.0 3.0
2063 3.0 5.0 4.0
2064 3.0 5.0 5.0
2065 3.0 5.0 6.0
2066 3.0 5.0 7.0
2067 3.0 5.0 8.0
2068 3.0 5.0 9.0
2069 3.0 5.0 10.0
2070 3.0 5.0 11.0
2071 3.0 5.0 12.0
2072 3.0 5.0 13.0
2073 3.0 5.0 14.0
2074 3.0 5.0 15.0
2075 3.0 5.0 16.0
2076 3.0 5.0 17.0
2077 3.0 5.0 18.0
2078 3.0 5.0 19.0
2079 3.0 5.0 20.0
2080 4.0 -5.0 0.0
2081 4.0 -5.0 1.0
2082 4.0 -5.0 2.0
2083 4.0 -5.0 3.0
2084 4.0 -5.0 4.0
2085 4.0 -5.0 5.0
2086 4.0 -5.0 6.0
2087 4.0 -5.0 7.0
2088 4.0 -5.0 8.0
2089 4.0 -5.0 9.0
2090 4.0 -5.0 10.0
2091 4.0 -5.0 11.0
2092 4.0 -5.0 12.0
2093 4.0 -5.0 13.0
2094 4.0 -5.0 14.0
2095 4.0 -5.0 15.0
2096 4.0 -5.0 16.0
2097 4.0 -5.0 17.0
2098 4.0 -5.0 18.0
2099 4.0 -5.0 19.0
2100 4.0 -5.0 20.0
2101 4.0 -4.0 0.0
2102 4.0 -4.0 1.0
2103 4.0 -4.0 2.0
2104 4.0 -4.0 3.0
2105 4.0 -4.0 4.0
2106 4.0 -4.0 5.0
2107 4.0 -4.0 6.0
2108 4.0 -4.0 7.0
2109 4.0 -4.0 8.0
2110 4.0 -4.0 9.0
2111 4.0 -4.0 10.0
2112 4.0 -4.0 11.0
2113 4.0 -4.0 12.0
2114 4.0 -4.0 13.0
2115 4.0 -4.0 14.0
2116 4.0 -4.0 15.0
2117 4.0 -4.0 16.0
2118 4.0 -4.0 17.0
2119 4.0 -4.0 18.0
2120 4.0 -4.0 19.0
2121 4.0 -4.0 20.0
2122 4.0 -3.0 0.0
2123 4.0 -3.0 1.0
2124 4.0 -3.0 2.0
2125 4.0 -3.0 3.0
2126 4.0 -3.0 4.0
2127 4.0 -3.0 5.0
2128 4.0 -3.0 6.0
2129 4.0 -3.0 7.0
2130 4.0 -3.0 8.0
2131 4.0 -3.0 9.0
2132 4.0 -3.0 10.0
2133 4.0 -3.0 11.0
2134 4.0 -3.0 12.0
2135 4.0 -3.0 13.0
2136 4.0 -3.0 14.0
2137 4.0 -3.0 15.0
2138 4.0 -3.0 16.0
2139 4.0 -3.0 17.0
2140 4.0 -3.0 18.0
2141 4.0 -3.0 19.0
2142 4.0 -3.0 20.0
2143 4.0 -2.0 0.0
2144 4.0 -2.0 1.0
2145 4.0 -2.0 2.0
2146 4.0 -2.0 3.0
2147 4.0 -2.0 4.0
2148 4.0 -2.0 5.0
2149 4.0 -2.0 6.0
2150 4.0 -2.0 7.0
2151 4.0 -2.0 8.0
2152 4.0 -2.0 9.0
2153 4.0 -2.0 10.0
2154 4.0 -2.0 11.0
2155 4.0 -2.0 12.0
2156 4.0 -2.0 13.0
2157 4.0 -2.0 14.0
2158 4.0 -2.0 15.0
2159 4.0 -2.0 16.0
2160 4.0 -2.0 17.0
2161 4.0 -2.0 18.0
2162 4.0 -2.0 19.0
2163 4.0 -2.0 20.0
2164 4.0 -1.0 0.0
2165 4.0 -1.0 1.0
2166 4.0 -1.0 2.0
2167 4.0 -1.0 3.0
2168 4.0 -1.0 4.0
2169 4.0 -1.0 5.0
2170 4.0 -1.0 6.0
2171 4.0 -1.0 7.0
2172 4.0 -1.0 8.0
2173 4.0 -1.0 9.0
2174 4.0 -1.0 10.0
2175 4.0 -1.0 11.0
2176 4.0 -1.0 12.0
2177 4.0 -1.0 13.0
2178 4.0 -1.0 14.0
2179 4.0 -1.0 15.0
2180 4.0 -1.0 16.0
2181 4.0 -1.0 17.0
2182 4.0 -1.0 18.0
2183 4.0 -1.0 19.0
2184 4.0 -1.0 20.0
2185 4.0 0.0 0.0
2186 4.0 0.0 1.0
2187 4.0 0.0 2.0
2188 4.0 0.0 3.0
2189 4.0 0.0 4.0
2190 4.0 0.0 5.0
2191 4.0 0.0 6.0
2192 4.0 0.0 7.0
2193 4.0 0.0 8.0
2194 4.0 0.0 9.0
2195 4.0 0.0 10.0
2196 4.0 0.0 11.0
2197 4.0 0.0 12.0
2198 4.0 0.0 13.0
2199 4.0 0.0 14.0
2200 4.0 0.0 15.0
2201 4.0 0.0 16.0
2202 4.0 0.0 17.0
2203 4.0 0.0 18.0
2204 4.0 0.0 19.0
2205 4.0 0.0 20.0
2206 4.0 1.0 0.0
2207 4.0 1.0 1.0
2208 4.0 1.0 2.0
2209 4.0 1.0 3.0
2210 4.0 1.0 4.0
2211 4.0 1.0 5.0
2212 4.0 1.0 6.0
2213 4.0 1.0 7.0
2214 4.0 1.0 8.0
2215 4.0 1.0 9.0
2216 4.0 1.0 10.0
2217 4.0 1.0 11.0
2218 4.0 1.0 12.0
2219 4.0 1.0 13.0
2220 4.0 1.0 14.0
2221 4.0 1.0 15.0
2222 4.0 1.0 16.0
2223 4.0 1.0 17.0
2224 4.0 1.0 18.0
2225 4.0 1.0 19.0
2226 4.0 1.0 20.0
2227 4.0 2.0 0.0
2228 4.0 2.0 1.0
2229 4.0 2.0 2.0
2230 4.0 2.0 3.0
2231 4.0 2.0 4.0
2232 4.0 2.0 5.0
2233 4.0 2.0 6.0
2234 4.0 2.0 7.0
2235 4.0 2.0 8.0
2236 4.0 2.0 9.0
2237 4.0 2.0 10.0
2238 4.0 2.0 11.0
2239 4.0 2.0 12.0
2240 4.0 2.0 13.0
2241 4.0 2.0 14.0
2242 4.0 2.0 15.0
2243 4.0 2.0 16.0
2244 4.0 2.0 17.0
2245 4.0 2.0 18.0
2246 4.0 2.0 19.0
2247 4.0 2.0 20.0
2248 4.0 3.0 0.0
2249 4.0 3.0 1.0
2250 4.0 3.0 2.0
2251 4.0 3.0 3.0
2252 4.0 3.0 4.0
2253 4.0 3.0 5.0
2254 4.0 3.0 6.0
2255 4.0 3.0 7.0
2256 4.0 3.0 8.0
2257 4.0 3.0 9.0
2258 4.0 3.0 10.0
2259 4.0 3.0 11.0
2260 4.0 3.0 12.0
2261 4.0 3.0 13.0
2262 4.0 3.0 14.0
2263 4.0 3.0 15.0
2264 4.0 3.0 16.0
2265 4.0 3.0 17.0
2266 4.0 3.0 18.0
2267 4.0 3.0 19.0
2268 4.0 3.0 20.0
2269 4.0 4.0 0.0
2270 4.0 4.0 1.0
2271 4.0 4.0 2.0
2272 4.0 4.0 3.0
2273 4.0 4.0 4.0
2274 4.0 4.0 5.0
2275 4.0 4.0 6.0
2276 4.0 4.0 7.0
2277 4.0 4.0 8.0
2278 4.0 4.0 9.0
2279 4.0 4.0 10.0
2280 4.0 4.0 11.0
2281 4.0 4.0 12.0
2282 4.0 4.0 13.0
2283 4.0 4.0 14.0
2284 4.0 4.0 15.0
2285 4.0 4.0 16.0
2286 4.0 4.0 17.0
2287 4.0 4.0 18.0
2288 4.0 4.0 19.0
2289 4.0 4.0 20.0
2290 4.0 5.0 0.0
2291 4.0 5.0 1.0
2292 4.0 5.0 2.0
2293 4.0 5.0 3.0
2294 4.0 5.0 4.0
2295 4.0 5.0 5.0
2296 4.0 5.0 6.0
2297 4.0 5.0 7.0
2298 4.0 5.0 8.0
2299 4.0 5.0 9.0
2300 4.0 5.0 10.0
2301 4.0 5.0 11.0
2302 4.0 5.0 12.0
2303 4.0 5.0 13.0
2304 4.0 5.0 14.0
2305 4.0 5.0 15.0
2306 4.0 5.0 16.0
2307 4.0 5.0 17.0
2308 4.0 5.0 18.0
2309 4.0 5.0 19.0
2310 4.0 5.0 20.0
2311 5.0 -5.0 0.0
2312 5.0 -5.0 1.0
2313 5.0 -5.0 2.0
2314 5.0 -5.0 3.0
2315 5.0 -5.0 4.0
2316 5.0 -5.0 5.0
2317 5.0 -5.0 6.0
2318 5.0 -5.0 7.0
2319 5.0 -5.0 8.0
2320 5.0 -5.0 9.0
2321 5.0 -5.0 10.0
2322 5.0 -5.0 11.0
2323 5.0 -5.0 12.0
2324 5.0 -5.0 13.0
2325 5.0 -5.0 14.0
2326 5.0 -5.0 15.0
2327 5.0 -5.0 16.0
2328 5.0 -5.0 17.0
2329 5.0 -5.0 18.0
2330 5.0 -5.0 19.0
2331 5.0 -5.0 20.0
2332 5.0 -4.0 0.0
2333 5.0 -4.0 1.0
2334 5.0 -4.0 2.0
2335 5.0 -4.0 3.0
2336 5.0 -4.0 4.0
2337 5.0 -4.0 5.0
2338 5.0 -4.0 6.0
2339 5.0 -4.0 7.0
2340 5.0 -4.0 8.0
2341 5.0 -4.0 9.0
2342 5.0 -4.0 10.0
2343 5.0 -4.0 11.0
2344 5.0 -4.0 12.0
2345 5.0 -4.0 13.0
2346 5.0 -4.0 14.0
2347 5.0 -4.0 15.0
2348 5.0 -4.0 16.0
2349 5.0 -4.0 17.0
2350 5.0 -4.0 18.0
2351 5.0 -4.0 19.0
2352 5.0 -4.0 20.0
2353 5.0 -3.0 0.0
2354 5.0 -3.0 1.0
2355 5.0 -3.0 2.0
2356 5.0 -3.0 3.0
2357 5.0 -3.0 4.0
2358 5.0 -3.0 5.0
2359 5.0 -3.0 6.0
2360 5.0 -3.0 7.0
2361 5.0 -3.0 8.0
2362 5.0 -3.0 9.0
2363 5.0 -3.0 10.0
2364 5.0 -3.0 11.0
2365 5.0 -3.0 12.0
2366 5.0 -3.0 13.0
2367 5.0 -3.0 14.0
2368 5.0 -3.0 15.0
2369 5.0 -3.0 16.0
2370 5.0 -3.0 17.0
2371 5.0 -3.0 18.0
2372 5.0 -3.0 19.0
2373 5.0 -3.0 20.0
2374 5.0 -2.0 0.0
2375 5.0 -2.0 1.0
2376 5.0 -2.0 2.0
2377 5.0 -2.0 3.0
2378 5.0 -2.0 4.0
2379 5.0 -2.0 5.0
2380 5.0 -2.0 6.0
2381 5.0 -2.0 7.0
2382 5.0 -2.0 8.0
2383 5.0 -2.0 9.0
2384 5.0 -2.0 10.0
2385 5.0 -2.0 11.0
2386 5.0 -2.0 12.0
2387 5.0 -2.0 13.0
2388 5.0 -2.0 14.0
2389 5.0 -2.0 15.0
2390 5.0 -2.0 16.0
2391 5.0 -2.0 17.0
2392 5.0 -2.0 18.0
2393 5.0 -2.0 19.0
2394 5.0 -2.0 20.0
2395 5.0 -1.0 0.0
2396 5.0 -1.0 1.0
2397 5.0 -1.0 2.0
2398 5.0 -1.0 3.0
2399 5.0 -1.0 4.0
2400 5.0 -1.0 5.0
2401 5.0 -1.0 6.0
2402 5.0 -1.0 7.0
2403 5.0 -1.0 8.0
2404 5.0 -1.0 9.0
2405 5.0 -1.0 10.0
2406 5.0 -1.0 11.0
2407 5.0 -1.0 12.0
2408 5.0 -1.0 13.0
2409 5.0 -1.0 14.0
2410 5.0 -1.0 15.0
2411 5.0 -1.0 16.0
2412 5.0 -1.0 17.0
2413 5.0 -1.0 18.0
2414 5.0 -1.0 19.0
2415 5.0 -1.0 20.0
2416 5.0 0.0 0.0
2417 5.0 0.0 1.0
2418 5.0 0.0 2.0
2419 5.0 0.0 3.0
2420 5.0 0.0 4.0
2421 5.0 0.0 5.0
2422 5.0 0.0 6.0
2423 5.0 0.0 7.0
2424 5.0 0.0 8.0
2425 5.0 0.0 9.0
2426 5.0 0.0 10.0
2427 5.0 0.0 11.0
2428 5.0 0.0 12.0
2429 5.0 0.0 13.0
2430 5.0 0.0 14.0
2431 5.0 0.0 15.0
2432 5.0 0.0 16.0
2433 5.0 0.0 17.0
2434 5.0 0.0 18.0
2435 5.0 0.0 19.0
2436 5.0 0.0 20.0
2437 5.0 1.0 0.0
2438 5.0 1.0 1.0
2439 5.0 1.0 2.0
2440 5.0 1.0 3.0
2441 5.0 1.0 4.0
2442 5.0 1.0 5.0
2443 5.0 1.0 6.0
2444 5.0 1.0 7.0
2445 5.0 1.0 8.0
2446 5.0 1.0 9.0
2447 5.0 1.0 10.0
2448 5.0 1.0 11.0
2449 5.0 1.0 12.0
2450 5.0 1.0 13.0
2451 5.0 1.0 14.0
2452 5.0 1.0 15.0
2453 5.0 1.0 16.0
2454 5.0 1.0 17.0
2455 5.0 1.0 18.0
2456 5.0 1.0 19.0
2457 5.0 1.0 20.0
2458 5.0 2.0 0.0
2459 5.0 2.0 1.0
2460 5.0 2.0 2.0
2461 5.0 2.0 3.0
2462 5.0 2.0 4.0
2463 5.0 2.0 5.0
2464 5.0 2.0 6.0
2465 5.0 2.0 7.0
2466 5.0 2.0 8.0
2467 5.0 2.0 9.0
2468 5.0 2.0 10.0
2469 5.0 2.0 11.0
2470 5.0 2.0 12.0
2471 5.0 2.0 13.0
2472 5.0 2.0 14.0
2473 5.0 2.0 15.0
2474 5.0 2.0 16.0
2475 5.0 2.0 17.0
2476 5.0 2.0 18.0
2477 5.0 2.0 19.0
2478 5.0 2.0 20.0
2479 5.0 3.0 0.0
2480 5.0 3.0 1.0
2481 5.0 3.0 2.0
2482 5.0 3.0 3.0
2483 5.0 3.0 4.0
2484 5.0 3.0 5.0
2485 5.0 3.0 6.0
2486 5.0 3.0 7.0
2487 5.0 3.0 8.0
2488 5.0 3.0 9.0
2489 5.0 3.0 10.0
2490 5.0 3.0 11.0
2491 5.0 3.0 12.0
2492 5.0 3.0 13.0
2493 5.0 3.0 14.0
2494 5.0 3.0 15.0
2495 5.0 3.0 16.0
2496 5.0 3.0 17.0
2497 5.0 3.0 18.0
2498 5.0 3.0 19.0
2499 5.0 3.0 20.0
2500 5.0 4.0 0.0
2501 5.0 4.0 1.0
2502 5.0 4.0 2.0
2503 5.0 4.0 3.0
2504 5.0 4.0 4.0
2505 5.0 4.0 5.0
2506 5.0 4.0 6.0
2507 5.0 4.0 7.0
2508 5.0 4.0 8.0
2509 5.0 4.0 9.0
2510 5.0 4.0 10.0
2511 5.0 4.0 11.0
2512 5.0 4.0 12.0
2513 5.0 4.0 13.0
2514 5.0 4.0 14.0
2515 5.0 4.0 15.0
2516 5.0 4.0 16.0
2517 5.0 4.0 17.0
2518 5.0 4.0 18.0
2519 5.0 4.0 19.0
2520 5.0 4.0 20.0
2521 5.0 5.0 0.0
2522 5.0 5.0 1.0
2523 5.0 5.0 2.0
2524 5.0 5.0 3.0
2525 5.0 5.0 4.0
2526 5.0 5.0 5.0
2527 5.0 5.0 6.0
2528 5.0 5.0 7.0
2529 5.0 5.0 8.0
2530 5.0 5.0 9.0
2531 5.0 5.0 10.0
2532 5.0 5.0 11.0
2533 5.0 5.0 12.0
2534 5.0 5.0 13.0
2535 5.0 5.0 14.0
2536 5.0 5.0 15.0
2537 5.0 5.0 16.0
2538 5.0 5.0 17.0
2539 5.0 5.0 18.0
2540 5.0 5.0 19.0
2541 5.0 5.0 20.0
