1 1 177 193 17 2 178 194 18 1
2 2 178 194 18 3 179 195 19 1
3 3 179 195 19 4 180 196 20 1
4 4 180 196 20 5 181 197 21 1
5 5 181 197 21 6 182 198 22 1
6 6 182 198 22 7 183 199 23 1
7 7 183 199 23 8 184 200 24 1
8 8 184 200 24 9 185 201 25 1
9 9 185 201 25 10 186 202 26 1
10 10 186 202 26 11 187 203 27 1
11 11 187 203 27 12 188 204 28 1
12 12 188 204 28 13 189 205 29 1
13 13 189 205 29 14 190 206 30 1
14 14 190 206 30 15 191 207 31 1
15 15 191 207 31 16 192 208 32 1
16 17 193 209 33 18 194 210 34 1
17 18 194 210 34 19 195 211 35 1
18 19 195 211 35 20 196 212 36 1
19 20 196 212 36 21 197 213 37 1
20 21 197 213 37 22 198 214 38 1
21 22 198 214 38 23 199 215 39 1
22 23 199 215 39 24 200 216 40 1
23 24 200 216 40 25 201 217 41 1
24 25 201 217 41 26 202 218 42 1
25 26 202 218 42 27 203 219 43 1
26 27 203 219 43 28 204 220 44 1
27 28 204 220 44 29 205 221 45 1
28 29 205 221 45 30 206 222 46 1
29 30 206 222 46 31 207 223 47 1
30 31 207 223 47 32 208 224 48 1
31 33 209 225 49 34 210 226 50 1
32 34 210 226 50 35 211 227 51 1
33 35 211 227 51 36 212 228 52 1
34 36 212 228 52 37 213 229 53 1
35 37 213 229 53 38 214 230 54 1
36 38 214 230 54 39 215 231 55 1
37 39 215 231 55 40 216 232 56 1
38 40 216 232 56 41 217 233 57 1
39 41 217 233 57 42 218 234 58 1
40 42 218 234 58 43 219 235 59 1
41 43 219 235 59 44 220 236 60 1
42 44 220 236 60 45 221 237 61 1
43 45 221 237 61 46 222 238 62 1
44 46 222 238 62 47 223 239 63 1
45 47 223 239 63 48 224 240 64 1
46 49 225 241 65 50 226 242 66 1
47 50 226 242 66 51 227 243 67 1
48 51 227 243 67 52 228 244 68 1
49 52 228 244 68 53 229 245 69 1
50 53 229 245 69 54 230 246 70 1
51 54 230 246 70 55 231 247 71 1
52 55 231 247 71 56 232 248 72 1
53 56 232 248 72 57 233 249 73 1
54 57 233 249 73 58 234 250 74 1
55 58 234 250 74 59 235 251 75 1
56 59 235 251 75 60 236 252 76 1
57 60 236 252 76 61 237 253 77 1
58 61 237 253 77 62 238 254 78 1
59 62 238 254 78 63 239 255 79 1
60 63 239 255 79 64 240 256 80 1
61 65 241 257 81 66 242 258 82 1
62 66 242 258 82 67 243 259 83 1
63 67 243 259 83 68 244 260 84 1
64 68 244 260 84 69 245 261 85 1
65 69 245 261 85 70 246 262 86 1
66 70 246 262 86 71 247 263 87 1
67 71 247 263 87 72 248 264 88 1
68 72 248 264 88 73 249 265 89 1
69 73 249 265 89 74 250 266 90 1
70 74 250 266 90 75 251 267 91 1
71 75 251 267 91 76 252 268 92 1
72 76 252 268 92 77 253 269 93 1
73 77 253 269 93 78 254 270 94 1
74 78 254 270 94 79 255 271 95 1
75 79 255 271 95 80 256 272 96 1
76 81 257 273 97 82 258 274 98 1
77 82 258 274 98 83 259 275 99 1
78 83 259 275 99 84 260 276 100 1
79 84 260 276 100 85 261 277 101 1
80 85 261 277 101 86 262 278 102 1
81 86 262 278 102 87 263 279 103 1
82 87 263 279 103 88 264 280 104 1
83 88 264 280 104 89 265 281 105 1
84 89 265 281 105 90 266 282 106 1
85 90 266 282 106 91 267 283 107 1
86 91 267 283 107 92 268 284 108 1
87 92 268 284 108 93 269 285 109 1
88 93 269 285 109 94 270 286 110 1
89 94 270 286 110 95 271 287 111 1
90 95 271 287 111 96 272 288 112 1
91 97 273 289 113 98 274 290 114 1
92 98 274 290 114 99 275 291 115 1
93 99 275 291 115 100 276 292 116 1
94 100 276 292 116 101 277 293 117 1
95 101 277 293 117 102 278 294 118 1
96 102 278 294 118 103 279 295 119 1
97 103 279 295 119 104 280 296 120 1
98 104 280 296 120 105 281 297 121 1
99 105 281 297 121 106 282 298 122 1
100 106 282 298 122 107 283 299 123 1
101 107 283 299 123 108 284 300 124 1
102 108 284 300 124 109 285 301 125 1
103 109 285 301 125 110 286 302 126 1
104 110 286 302 126 111 287 303 127 1
105 111 287 303 127 112 288 304 128 1
106 113 289 305 129 114 290 306 130 1
107 114 290 306 130 115 291 307 131 1
108 115 291 307 131 116 292 308 132 1
109 116 292 308 132 117 293 309 133 1
110 117 293 309 133 118 294 310 134 1
111 118 294 310 134 119 295 311 135 1
112 119 295 311 135 120 296 312 136 1
113 120 296 312 136 121 297 313 137 1
114 121 297 313 137 122 298 314 138 1
115 122 298 314 138 123 299 315 139 1
116 123 299 315 139 124 300 316 140 1
117 124 300 316 140 125 301 317 141 1
118 125 301 317 141 126 302 318 142 1
119 126 302 318 142 127 303 319 143 1
120 127 303 319 143 128 304 320 144 1
121 129 305 321 145 130 306 322 146 1
122 130 306 322 146 131 307 323 147 1
123 131 307 323 147 132 308 324 148 1
124 132 308 324 148 133 309 325 149 1
125 133 309 325 149 134 310 326 150 1
126 134 310 326 150 135 311 327 151 1
127 135 311 327 151 136 312 328 152 1
128 136 312 328 152 137 313 329 153 1
129 137 313 329 153 138 314 330 154 1
130 138 314 330 154 139 315 331 155 1
131 139 315 331 155 140 316 332 156 1
132 140 316 332 156 141 317 333 157 1
133 141 317 333 157 142 318 334 158 1
134 142 318 334 158 143 319 335 159 1
135 143 319 335 159 144 320 336 160 1
136 145 321 337 161 146 322 338 162 1
137 146 322 338 162 147 323 339 163 1
138 147 323 339 163 148 324 340 164 1
139 148 324 340 164 149 325 341 165 1
140 149 325 341 165 150 326 342 166 1
141 150 326 342 166 151 327 343 167 1
142 151 327 343 167 152 328 344 168 1
143 152 328 344 168 153 329 345 169 1
144 153 329 345 169 154 330 346 170 1
145 154 330 346 170 155 331 347 171 1
146 155 331 347 171 156 332 348 172 1
147 156 332 348 172 157 333 349 173 1
148 157 333 349 173 158 334 350 174 1
149 158 334 350 174 159 335 351 175 1
150 159 335 351 175 160 336 352 176 1
151 177 353 369 193 178 354 370 194 1
152 178 354 370 194 179 355 371 195 1
153 179 355 371 195 180 356 372 196 1
154 180 356 372 196 181 357 373 197 1
155 181 357 373 197 182 358 374 198 1
156 182 358 374 198 183 359 375 199 1
157 183 359 375 199 184 360 376 200 1
158 184 360 376 200 185 361 377 201 1
159 185 361 377 201 186 362 378 202 1
160 186 362 378 202 187 363 379 203 1
161 187 363 379 203 188 364 380 204 1
162 188 364 380 204 189 365 381 205 1
163 189 365 381 205 190 366 382 206 1
164 190 366 382 206 191 367 383 207 1
165 191 367 383 207 192 368 384 208 1
166 193 369 385 209 194 370 386 210 1
167 194 370 386 210 195 371 387 211 1
168 195 371 387 211 196 372 388 212 1
169 196 372 388 212 197 373 389 213 1
170 197 373 389 213 198 374 390 214 1
171 198 374 390 214 199 375 391 215 1
172 199 375 391 215 200 376 392 216 1
173 200 376 392 216 201 377 393 217 1
174 201 377 393 217 202 378 394 218 1
175 202 378 394 218 203 379 395 219 1
176 203 379 395 219 204 380 396 220 1
177 204 380 396 220 205 381 397 221 1
178 205 381 397 221 206 382 398 222 1
179 206 382 398 222 207 383 399 223 1
180 207 383 399 223 208 384 400 224 1
181 209 385 401 225 210 386 402 226 1
182 210 386 402 226 211 387 403 227 1
183 211 387 403 227 212 388 404 228 1
184 212 388 404 228 213 389 405 229 1
185 213 389 405 229 214 390 406 230 1
186 214 390 406 230 215 391 407 231 1
187 215 391 407 231 216 392 408 232 1
188 216 392 408 232 217 393 409 233 1
189 217 393 409 233 218 394 410 234 1
190 218 394 410 234 219 395 411 235 1
191 219 395 411 235 220 396 412 236 1
192 220 396 412 236 221 397 413 237 1
193 221 397 413 237 222 398 414 238 1
194 222 398 414 238 223 399 415 239 1
195 223 399 415 239 224 400 416 240 1
196 225 401 417 241 226 402 418 242 1
197 226 402 418 242 227 403 419 243 1
198 227 403 419 243 228 404 420 244 1
199 228 404 420 244 229 405 421 245 1
200 229 405 421 245 230 406 422 246 1
201 230 406 422 246 231 407 423 247 1
202 231 407 423 247 232 408 424 248 1
203 232 408 424 248 233 409 425 249 1
204 233 409 425 249 234 410 426 250 1
205 234 410 426 250 235 411 427 251 1
206 235 411 427 251 236 412 428 252 1
207 236 412 428 252 237 413 429 253 1
208 237 413 429 253 238 414 430 254 1
209 238 414 430 254 239 415 431 255 1
210 239 415 431 255 240 416 432 256 1
211 241 417 433 257 242 418 434 258 1
212 242 418 434 258 243 419 435 259 1
213 243 419 435 259 244 420 436 260 1
214 244 420 436 260 245 421 437 261 1
215 245 421 437 261 246 422 438 262 1
216 246 422 438 262 247 423 439 263 1
217 247 423 439 263 248 424 440 264 1
218 248 424 440 264 249 425 441 265 1
219 249 425 441 265 250 426 442 266 1
220 250 426 442 266 251 427 443 267 1
221 251 427 443 267 252 428 444 268 1
222 252 428 444 268 253 429 445 269 1
223 253 429 445 269 254 430 446 270 1
224 254 430 446 270 255 431 447 271 1
225 255 431 447 271 256 432 448 272 1
226 257 433 449 273 258 434 450 274 1
227 258 434 450 274 259 435 451 275 1
228 259 435 451 275 260 436 452 276 1
229 260 436 452 276 261 437 453 277 1
230 261 437 453 277 262 438 454 278 1
231 262 438 454 278 263 439 455 279 1
232 263 439 455 279 264 440 456 280 1
233 264 440 456 280 265 441 457 281 1
234 265 441 457 281 266 442 458 282 1
235 266 442 458 282 267 443 459 283 1
236 267 443 459 283 268 444 460 284 1
237 268 444 460 284 269 445 461 285 1
238 269 445 461 285 270 446 462 286 1
239 270 446 462 286 271 447 463 287 1
240 271 447 463 287 272 448 464 288 1
241 273 449 465 289 274 450 466 290 1
242 274 450 466 290 275 451 467 291 1
243 275 451 467 291 276 452 468 292 1
244 276 452 468 292 277 453 469 293 1
245 277 453 469 293 278 454 470 294 1
246 278 454 470 294 279 455 471 295 1
247 279 455 471 295 280 456 472 296 1
248 280 456 472 296 281 457 473 297 1
249 281 457 473 297 282 458 474 298 1
250 282 458 474 298 283 459 475 299 1
251 283 459 475 299 284 460 476 300 1
252 284 460 476 300 285 461 477 301 1
253 285 461 477 301 286 462 478 302 1
254 286 462 478 302 287 463 479 303 1
255 287 463 479 303 288 464 480 304 1
256 289 465 481 305 290 466 482 306 1
257 290 466 482 306 291 467 483 307 1
258 291 467 483 307 292 468 484 308 1
259 292 468 484 308 293 469 485 309 1
260 293 469 485 309 294 470 486 310 1
261 294 470 486 310 295 471 487 311 1
262 295 471 487 311 296 472 488 312 1
263 296 472 488 312 297 473 489 313 1
264 297 473 489 313 298 474 490 314 1
265 298 474 490 314 299 475 491 315 1
266 299 475 491 315 300 476 492 316 1
267 300 476 492 316 301 477 493 317 1
268 301 477 493 317 302 478 494 318 1
269 302 478 494 318 303 479 495 319 1
270 303 479 495 319 304 480 496 320 1
271 305 481 497 321 306 482 498 322 1
272 306 482 498 322 307 483 499 323 1
273 307 483 499 323 308 484 500 324 1
274 308 484 500 324 309 485 501 325 1
275 309 485 501 325 310 486 502 326 1
276 310 486 502 326 311 487 503 327 1
277 311 487 503 327 312 488 504 328 1
278 312 488 504 328 313 489 505 329 1
279 313 489 505 329 314 490 506 330 1
280 314 490 506 330 315 491 507 331 1
281 315 491 507 331 316 492 508 332 1
282 316 492 508 332 317 493 509 333 1
283 317 493 509 333 318 494 510 334 1
284 318 494 510 334 319 495 511 335 1
285 319 495 511 335 320 496 512 336 1
286 321 497 513 337 322 498 514 338 1
287 322 498 514 338 323 499 515 339 1
288 323 499 515 339 324 500 516 340 1
289 324 500 516 340 325 501 517 341 1
290 325 501 517 341 326 502 518 342 1
291 326 502 518 342 327 503 519 343 1
292 327 503 519 343 328 504 520 344 1
293 328 504 520 344 329 505 521 345 1
294 329 505 521 345 330 506 522 346 1
295 330 506 522 346 331 507 523 347 1
296 331 507 523 347 332 508 524 348 1
297 332 508 524 348 333 509 525 349 1
298 333 509 525 349 334 510 526 350 1
299 334 510 526 350 335 511 527 351 1
300 335 511 527 351 336 512 528 352 1
301 353 529 545 369 354 530 546 370 1
302 354 530 546 370 355 531 547 371 1
303 355 531 547 371 356 532 548 372 1
304 356 532 548 372 357 533 549 373 1
305 357 533 549 373 358 534 550 374 1
306 358 534 550 374 359 535 551 375 1
307 359 535 551 375 360 536 552 376 1
308 360 536 552 376 361 537 553 377 1
309 361 537 553 377 362 538 554 378 1
310 362 538 554 378 363 539 555 379 1
311 363 539 555 379 364 540 556 380 1
312 364 540 556 380 365 541 557 381 1
313 365 541 557 381 366 542 558 382 1
314 366 542 558 382 367 543 559 383 1
315 367 543 559 383 368 544 560 384 1
316 369 545 561 385 370 546 562 386 1
317 370 546 562 386 371 547 563 387 1
318 371 547 563 387 372 548 564 388 1
319 372 548 564 388 373 549 565 389 1
320 373 549 565 389 374 550 566 390 1
321 374 550 566 390 375 551 567 391 1
322 375 551 567 391 376 552 568 392 1
323 376 552 568 392 377 553 569 393 1
324 377 553 569 393 378 554 570 394 1
325 378 554 570 394 379 555 571 395 1
326 379 555 571 395 380 556 572 396 1
327 380 556 572 396 381 557 573 397 1
328 381 557 573 397 382 558 574 398 1
329 382 558 574 398 383 559 575 399 1
330 383 559 575 399 384 560 576 400 1
331 385 561 577 401 386 562 578 402 1
332 386 562 578 402 387 563 579 403 1
333 387 563 579 403 388 564 580 404 1
334 388 564 580 404 389 565 581 405 1
335 389 565 581 405 390 566 582 406 1
336 390 566 582 406 391 567 583 407 1
337 391 567 583 407 392 568 584 408 1
338 392 568 584 408 393 569 585 409 1
339 393 569 585 409 394 570 586 410 1
340 394 570 586 410 395 571 587 411 1
341 395 571 587 411 396 572 588 412 1
342 396 572 588 412 397 573 589 413 1
343 397 573 589 413 398 574 590 414 1
344 398 574 590 414 399 575 591 415 1
345 399 575 591 415 400 576 592 416 1
346 401 577 593 417 402 578 594 418 1
347 402 578 594 418 403 579 595 419 1
348 403 579 595 419 404 580 596 420 1
349 404 580 596 420 405 581 597 421 1
350 405 581 597 421 406 582 598 422 1
351 406 582 598 422 407 583 599 423 1
352 407 583 599 423 408 584 600 424 1
353 408 584 600 424 409 585 601 425 1
354 409 585 601 425 410 586 602 426 1
355 410 586 602 426 411 587 603 427 1
356 411 587 603 427 412 588 604 428 1
357 412 588 604 428 413 589 605 429 1
358 413 589 605 429 414 590 606 430 1
359 414 590 606 430 415 591 607 431 1
360 415 591 607 431 416 592 608 432 1
361 417 593 609 433 418 594 610 434 1
362 418 594 610 434 419 595 611 435 1
363 419 595 611 435 420 596 612 436 1
364 420 596 612 436 421 597 613 437 1
365 421 597 613 437 422 598 614 438 1
366 422 598 614 438 423 599 615 439 1
367 423 599 615 439 424 600 616 440 1
368 424 600 616 440 425 601 617 441 1
369 425 601 617 441 426 602 618 442 1
370 426 602 618 442 427 603 619 443 1
371 427 603 619 443 428 604 620 444 1
372 428 604 620 444 429 605 621 445 1
373 429 605 621 445 430 606 622 446 1
374 430 606 622 446 431 607 623 447 1
375 431 607 623 447 432 608 624 448 1
376 433 609 625 449 434 610 626 450 1
377 434 610 626 450 435 611 627 451 1
378 435 611 627 451 436 612 628 452 1
379 436 612 628 452 437 613 629 453 1
380 437 613 629 453 438 614 630 454 1
381 438 614 630 454 439 615 631 455 1
382 439 615 631 455 440 616 632 456 1
383 440 616 632 456 441 617 633 457 1
384 441 617 633 457 442 618 634 458 1
385 442 618 634 458 443 619 635 459 1
386 443 619 635 459 444 620 636 460 1
387 444 620 636 460 445 621 637 461 1
388 445 621 637 461 446 622 638 462 1
389 446 622 638 462 447 623 639 463 1
390 447 623 639 463 448 624 640 464 1
391 449 625 641 465 450 626 642 466 1
392 450 626 642 466 451 627 643 467 1
393 451 627 643 467 452 628 644 468 1
394 452 628 644 468 453 629 645 469 1
395 453 629 645 469 454 630 646 470 1
396 454 630 646 470 455 631 647 471 1
397 455 631 647 471 456 632 648 472 1
398 456 632 648 472 457 633 649 473 1
399 457 633 649 473 458 634 650 474 1
400 458 634 650 474 459 635 651 475 1
401 459 635 651 475 460 636 652 476 1
402 460 636 652 476 461 637 653 477 1
403 461 637 653 477 462 638 654 478 1
404 462 638 654 478 463 639 655 479 1
405 463 639 655 479 464 640 656 480 1
406 465 641 657 481 466 642 658 482 1
407 466 642 658 482 467 643 659 483 1
408 467 643 659 483 468 644 660 484 1
409 468 644 660 484 469 645 661 485 1
410 469 645 661 485 470 646 662 486 1
411 470 646 662 486 471 647 663 487 1
412 471 647 663 487 472 648 664 488 1
413 472 648 664 488 473 649 665 489 1
414 473 649 665 489 474 650 666 490 1
415 474 650 666 490 475 651 667 491 1
416 475 651 667 491 476 652 668 492 1
417 476 652 668 492 477 653 669 493 1
418 477 653 669 493 478 654 670 494 1
419 478 654 670 494 479 655 671 495 1
420 479 655 671 495 480 656 672 496 1
421 481 657 673 497 482 658 674 498 1
422 482 658 674 498 483 659 675 499 1
423 483 659 675 499 484 660 676 500 1
424 484 660 676 500 485 661 677 501 1
425 485 661 677 501 486 662 678 502 1
426 486 662 678 502 487 663 679 503 1
427 487 663 679 503 488 664 680 504 1
428 488 664 680 504 489 665 681 505 1
429 489 665 681 505 490 666 682 506 1
430 490 666 682 506 491 667 683 507 1
431 491 667 683 507 492 668 684 508 1
432 492 668 684 508 493 669 685 509 1
433 493 669 685 509 494 670 686 510 1
434 494 670 686 510 495 671 687 511 1
435 495 671 687 511 496 672 688 512 1
436 497 673 689 513 498 674 690 514 1
437 498 674 690 514 499 675 691 515 1
438 499 675 691 515 500 676 692 516 1
439 500 676 692 516 501 677 693 517 1
440 501 677 693 517 502 678 694 518 1
441 502 678 694 518 503 679 695 519 1
442 503 679 695 519 504 680 696 520 1
443 504 680 696 520 505 681 697 521 1
444 505 681 697 521 506 682 698 522 1
445 506 682 698 522 507 683 699 523 1
446 507 683 699 523 508 684 700 524 1
447 508 684 700 524 509 685 701 525 1
448 509 685 701 525 510 686 702 526 1
449 510 686 702 526 511 687 703 527 1
450 511 687 703 527 512 688 704 528 1
451 529 705 721 545 530 706 722 546 1
452 530 706 722 546 531 707 723 547 1
453 531 707 723 547 532 708 724 548 1
454 532 708 724 548 533 709 725 549 1
455 533 709 725 549 534 710 726 550 1
456 534 710 726 550 535 711 727 551 1
457 535 711 727 551 536 712 728 552 1
458 536 712 728 552 537 713 729 553 1
459 537 713 729 553 538 714 730 554 1
460 538 714 730 554 539 715 731 555 1
461 539 715 731 555 540 716 732 556 1
462 540 716 732 556 541 717 733 557 1
463 541 717 733 557 542 718 734 558 1
464 542 718 734 558 543 719 735 559 1
465 543 719 735 559 544 720 736 560 1
466 545 721 737 561 546 722 738 562 1
467 546 722 738 562 547 723 739 563 1
468 547 723 739 563 548 724 740 564 1
469 548 724 740 564 549 725 741 565 1
470 549 725 741 565 550 726 742 566 1
471 550 726 742 566 551 727 743 567 1
472 551 727 743 567 552 728 744 568 1
473 552 728 744 568 553 729 745 569 1
474 553 729 745 569 554 730 746 570 1
475 554 730 746 570 555 731 747 571 1
476 555 731 747 571 556 732 748 572 1
477 556 732 748 572 557 733 749 573 1
478 557 733 749 573 558 734 750 574 1
479 558 734 750 574 559 735 751 575 1
480 559 735 751 575 560 736 752 576 1
481 561 737 753 577 562 738 754 578 1
482 562 738 754 578 563 739 755 579 1
483 563 739 755 579 564 740 756 580 1
484 564 740 756 580 565 741 757 581 1
485 565 741 757 581 566 742 758 582 1
486 566 742 758 582 567 743 759 583 1
487 567 743 759 583 568 744 760 584 1
488 568 744 760 584 569 745 761 585 1
489 569 745 761 585 570 746 762 586 1
490 570 746 762 586 571 747 763 587 1
491 571 747 763 587 572 748 764 588 1
492 572 748 764 588 573 749 765 589 1
493 573 749 765 589 574 750 766 590 1
494 574 750 766 590 575 751 767 591 1
495 575 751 767 591 576 752 768 592 1
496 577 753 769 593 578 754 770 594 1
497 578 754 770 594 579 755 771 595 1
498 579 755 771 595 580 756 772 596 1
499 580 756 772 596 581 757 773 597 1
500 581 757 773 597 582 758 774 598 1
501 582 758 774 598 583 759 775 599 1
502 583 759 775 599 584 760 776 600 1
503 584 760 776 600 585 761 777 601 1
504 585 761 777 601 586 762 778 602 1
505 586 762 778 602 587 763 779 603 1
506 587 763 779 603 588 764 780 604 1
507 588 764 780 604 589 765 781 605 1
508 589 765 781 605 590 766 782 606 1
509 590 766 782 606 591 767 783 607 1
510 591 767 783 607 592 768 784 608 1
511 593 769 785 609 594 770 786 610 1
512 594 770 786 610 595 771 787 611 1
513 595 771 787 611 596 772 788 612 1
514 596 772 788 612 597 773 789 613 1
515 597 773 789 613 598 774 790 614 1
516 598 774 790 614 599 775 791 615 1
517 599 775 791 615 600 776 792 616 1
518 600 776 792 616 601 777 793 617 1
519 601 777 793 617 602 778 794 618 1
520 602 778 794 618 603 779 795 619 1
521 603 779 795 619 604 780 796 620 1
522 604 780 796 620 605 781 797 621 1
523 605 781 797 621 606 782 798 622 1
524 606 782 798 622 607 783 799 623 1
525 607 783 799 623 608 784 800 624 1
526 609 785 801 625 610 786 802 626 1
527 610 786 802 626 611 787 803 627 1
528 611 787 803 627 612 788 804 628 1
529 612 788 804 628 613 789 805 629 1
530 613 789 805 629 614 790 806 630 1
531 614 790 806 630 615 791 807 631 1
532 615 791 807 631 616 792 808 632 1
533 616 792 808 632 617 793 809 633 1
534 617 793 809 633 618 794 810 634 1
535 618 794 810 634 619 795 811 635 1
536 619 795 811 635 620 796 812 636 1
537 620 796 812 636 621 797 813 637 1
538 621 797 813 637 622 798 814 638 1
539 622 798 814 638 623 799 815 639 1
540 623 799 815 639 624 800 816 640 1
541 625 801 817 641 626 802 818 642 1
542 626 802 818 642 627 803 819 643 1
543 627 803 819 643 628 804 820 644 1
544 628 804 820 644 629 805 821 645 1
545 629 805 821 645 630 806 822 646 1
546 630 806 822 646 631 807 823 647 1
547 631 807 823 647 632 808 824 648 1
548 632 808 824 648 633 809 825 649 1
549 633 809 825 649 634 810 826 650 1
550 634 810 826 650 635 811 827 651 1
551 635 811 827 651 636 812 828 652 1
552 636 812 828 652 637 813 829 653 1
553 637 813 829 653 638 814 830 654 1
554 638 814 830 654 639 815 831 655 1
555 639 815 831 655 640 816 832 656 1
556 641 817 833 657 642 818 834 658 1
557 642 818 834 658 643 819 835 659 1
558 643 819 835 659 644 820 836 660 1
559 644 820 836 660 645 821 837 661 1
560 645 821 837 661 646 822 838 662 1
561 646 822 838 662 647 823 839 663 1
562 647 823 839 663 648 824 840 664 1
563 648 824 840 664 649 825 841 665 1
564 649 825 841 665 650 826 842 666 1
565 650 826 842 666 651 827 843 667 1
566 651 827 843 667 652 828 844 668 1
567 652 828 844 668 653 829 845 669 1
568 653 829 845 669 654 830 846 670 1
569 654 830 846 670 655 831 847 671 1
570 655 831 847 671 656 832 848 672 1
571 657 833 849 673 658 834 850 674 1
572 658 834 850 674 659 835 851 675 1
573 659 835 851 675 660 836 852 676 1
574 660 836 852 676 661 837 853 677 1
575 661 837 853 677 662 838 854 678 1
576 662 838 854 678 663 839 855 679 1
577 663 839 855 679 664 840 856 680 1
578 664 840 856 680 665 841 857 681 1
579 665 841 857 681 666 842 858 682 1
580 666 842 858 682 667 843 859 683 1
581 667 843 859 683 668 844 860 684 1
582 668 844 860 684 669 845 861 685 1
583 669 845 861 685 670 846 862 686 1
584 670 846 862 686 671 847 863 687 1
585 671 847 863 687 672 848 864 688 1
586 673 849 865 689 674 850 866 690 1
587 674 850 866 690 675 851 867 691 1
588 675 851 867 691 676 852 868 692 1
589 676 852 868 692 677 853 869 693 1
590 677 853 869 693 678 854 870 694 1
591 678 854 870 694 679 855 871 695 1
592 679 855 871 695 680 856 872 696 1
593 680 856 872 696 681 857 873 697 1
594 681 857 873 697 682 858 874 698 1
595 682 858 874 698 683 859 875 699 1
596 683 859 875 699 684 860 876 700 1
597 684 860 876 700 685 861 877 701 1
598 685 861 877 701 686 862 878 702 1
599 686 862 878 702 687 863 879 703 1
600 687 863 879 703 688 864 880 704 1
601 705 881 897 721 706 882 898 722 1
602 706 882 898 722 707 883 899 723 1
603 707 883 899 723 708 884 900 724 1
604 708 884 900 724 709 885 901 725 1
605 709 885 901 725 710 886 902 726 1
606 710 886 902 726 711 887 903 727 1
607 711 887 903 727 712 888 904 728 1
608 712 888 904 728 713 889 905 729 1
609 713 889 905 729 714 890 906 730 1
610 714 890 906 730 715 891 907 731 1
611 715 891 907 731 716 892 908 732 1
612 716 892 908 732 717 893 909 733 1
613 717 893 909 733 718 894 910 734 1
614 718 894 910 734 719 895 911 735 1
615 719 895 911 735 720 896 912 736 1
616 721 897 913 737 722 898 914 738 1
617 722 898 914 738 723 899 915 739 1
618 723 899 915 739 724 900 916 740 1
619 724 900 916 740 725 901 917 741 1
620 725 901 917 741 726 902 918 742 1
621 726 902 918 742 727 903 919 743 1
622 727 903 919 743 728 904 920 744 1
623 728 904 920 744 729 905 921 745 1
624 729 905 921 745 730 906 922 746 1
625 730 906 922 746 731 907 923 747 1
626 731 907 923 747 732 908 924 748 1
627 732 908 924 748 733 909 925 749 1
628 733 909 925 749 734 910 926 750 1
629 734 910 926 750 735 911 927 751 1
630 735 911 927 751 736 912 928 752 1
631 737 913 929 753 738 914 930 754 1
632 738 914 930 754 739 915 931 755 1
633 739 915 931 755 740 916 932 756 1
634 740 916 932 756 741 917 933 757 1
635 741 917 933 757 742 918 934 758 1
636 742 918 934 758 743 919 935 759 1
637 743 919 935 759 744 920 936 760 1
638 744 920 936 760 745 921 937 761 1
639 745 921 937 761 746 922 938 762 1
640 746 922 938 762 747 923 939 763 1
641 747 923 939 763 748 924 940 764 1
642 748 924 940 764 749 925 941 765 1
643 749 925 941 765 750 926 942 766 1
644 750 926 942 766 751 927 943 767 1
645 751 927 943 767 752 928 944 768 1
646 753 929 945 769 754 930 946 770 1
647 754 930 946 770 755 931 947 771 1
648 755 931 947 771 756 932 948 772 1
649 756 932 948 772 757 933 949 773 1
650 757 933 949 773 758 934 950 774 1
651 758 934 950 774 759 935 951 775 1
652 759 935 951 775 760 936 952 776 1
653 760 936 952 776 761 937 953 777 1
654 761 937 953 777 762 938 954 778 1
655 762 938 954 778 763 939 955 779 1
656 763 939 955 779 764 940 956 780 1
657 764 940 956 780 765 941 957 781 1
658 765 941 957 781 766 942 958 782 1
659 766 942 958 782 767 943 959 783 1
660 767 943 959 783 768 944 960 784 1
661 769 945 961 785 770 946 962 786 1
662 770 946 962 786 771 947 963 787 1
663 771 947 963 787 772 948 964 788 1
664 772 948 964 788 773 949 965 789 1
665 773 949 965 789 774 950 966 790 1
666 774 950 966 790 775 951 967 791 1
667 775 951 967 791 776 952 968 792 1
668 776 952 968 792 777 953 969 793 1
669 777 953 969 793 778 954 970 794 1
670 778 954 970 794 779 955 971 795 1
671 779 955 971 795 780 956 972 796 1
672 780 956 972 796 781 957 973 797 1
673 781 957 973 797 782 958 974 798 1
674 782 958 974 798 783 959 975 799 1
675 783 959 975 799 784 960 976 800 1
676 785 961 977 801 786 962 978 802 1
677 786 962 978 802 787 963 979 803 1
678 787 963 979 803 788 964 980 804 1
679 788 964 980 804 789 965 981 805 1
680 789 965 981 805 790 966 982 806 1
681 790 966 982 806 791 967 983 807 1
682 791 967 983 807 792 968 984 808 1
683 792 968 984 808 793 969 985 809 1
684 793 969 985 809 794 970 986 810 1
685 794 970 986 810 795 971 987 811 1
686 795 971 987 811 796 972 988 812 1
687 796 972 988 812 797 973 989 813 1
688 797 973 989 813 798 974 990 814 1
689 798 974 990 814 799 975 991 815 1
690 799 975 991 815 800 976 992 816 1
691 801 977 993 817 802 978 994 818 1
692 802 978 994 818 803 979 995 819 1
693 803 979 995 819 804 980 996 820 1
694 804 980 996 820 805 981 997 821 1
695 805 981 997 821 806 982 998 822 1
696 806 982 998 822 807 983 999 823 1
697 807 983 999 823 808 984 1000 824 1
698 808 984 1000 824 809 985 1001 825 1
699 809 985 1001 825 810 986 1002 826 1
700 810 986 1002 826 811 987 1003 827 1
701 811 987 1003 827 812 988 1004 828 1
702 812 988 1004 828 813 989 1005 829 1
703 813 989 1005 829 814 990 1006 830 1
704 814 990 1006 830 815 991 1007 831 1
705 815 991 1007 831 816 992 1008 832 1
706 817 993 1009 833 818 994 1010 834 1
707 818 994 1010 834 819 995 1011 835 1
708 819 995 1011 835 820 996 1012 836 1
709 820 996 1012 836 821 997 1013 837 1
710 821 997 1013 837 822 998 1014 838 1
711 822 998 1014 838 823 999 1015 839 1
712 823 999 1015 839 824 1000 1016 840 1
713 824 1000 1016 840 825 1001 1017 841 1
714 825 1001 1017 841 826 1002 1018 842 1
715 826 1002 1018 842 827 1003 1019 843 1
716 827 1003 1019 843 828 1004 1020 844 1
717 828 1004 1020 844 829 1005 1021 845 1
718 829 1005 1021 845 830 1006 1022 846 1
719 830 1006 1022 846 831 1007 1023 847 1
720 831 1007 1023 847 832 1008 1024 848 1
721 833 1009 1025 849 834 1010 1026 850 1
722 834 1010 1026 850 835 1011 1027 851 1
723 835 1011 1027 851 836 1012 1028 852 1
724 836 1012 1028 852 837 1013 1029 853 1
725 837 1013 1029 853 838 1014 1030 854 1
726 838 1014 1030 854 839 1015 1031 855 1
727 839 1015 1031 855 840 1016 1032 856 1
728 840 1016 1032 856 841 1017 1033 857 1
729 841 1017 1033 857 842 1018 1034 858 1
730 842 1018 1034 858 843 1019 1035 859 1
731 843 1019 1035 859 844 1020 1036 860 1
732 844 1020 1036 860 845 1021 1037 861 1
733 845 1021 1037 861 846 1022 1038 862 1
734 846 1022 1038 862 847 1023 1039 863 1
735 847 1023 1039 863 848 1024 1040 864 1
736 849 1025 1041 865 850 1026 1042 866 1
737 850 1026 1042 866 851 1027 1043 867 1
738 851 1027 1043 867 852 1028 1044 868 1
739 852 1028 1044 868 853 1029 1045 869 1
740 853 1029 1045 869 854 1030 1046 870 1
741 854 1030 1046 870 855 1031 1047 871 1
742 855 1031 1047 871 856 1032 1048 872 1
743 856 1032 1048 872 857 1033 1049 873 1
744 857 1033 1049 873 858 1034 1050 874 1
745 858 1034 1050 874 859 1035 1051 875 1
746 859 1035 1051 875 860 1036 1052 876 1
747 860 1036 1052 876 861 1037 1053 877 1
748 861 1037 1053 877 862 1038 1054 878 1
749 862 1038 1054 878 863 1039 1055 879 1
750 863 1039 1055 879 864 1040 1056 880 1
751 881 1057 1073 897 882 1058 1074 898 1
752 882 1058 1074 898 883 1059 1075 899 1
753 883 1059 1075 899 884 1060 1076 900 1
754 884 1060 1076 900 885 1061 1077 901 1
755 885 1061 1077 901 886 1062 1078 902 1
756 886 1062 1078 902 887 1063 1079 903 1
757 887 1063 1079 903 888 1064 1080 904 1
758 888 1064 1080 904 889 1065 1081 905 1
759 889 1065 1081 905 890 1066 1082 906 1
760 890 1066 1082 906 891 1067 1083 907 1
761 891 1067 1083 907 892 1068 1084 908 1
762 892 1068 1084 908 893 1069 1085 909 1
763 893 1069 1085 909 894 1070 1086 910 1
764 894 1070 1086 910 895 1071 1087 911 1
765 895 1071 1087 911 896 1072 1088 912 1
766 897 1073 1089 913 898 1074 1090 914 1
767 898 1074 1090 914 899 1075 1091 915 1
768 899 1075 1091 915 900 1076 1092 916 1
769 900 1076 1092 916 901 1077 1093 917 1
770 901 1077 1093 917 902 1078 1094 918 1
771 902 1078 1094 918 903 1079 1095 919 1
772 903 1079 1095 919 904 1080 1096 920 1
773 904 1080 1096 920 905 1081 1097 921 1
774 905 1081 1097 921 906 1082 1098 922 1
775 906 1082 1098 922 907 1083 1099 923 1
776 907 1083 1099 923 908 1084 1100 924 1
777 908 1084 1100 924 909 1085 1101 925 1
778 909 1085 1101 925 910 1086 1102 926 1
779 910 1086 1102 926 911 1087 1103 927 1
780 911 1087 1103 927 912 1088 1104 928 1
781 913 1089 1105 929 914 1090 1106 930 1
782 914 1090 1106 930 915 1091 1107 931 1
783 915 1091 1107 931 916 1092 1108 932 1
784 916 1092 1108 932 917 1093 1109 933 1
785 917 1093 1109 933 918 1094 1110 934 1
786 918 1094 1110 934 919 1095 1111 935 1
787 919 1095 1111 935 920 1096 1112 936 1
788 920 1096 1112 936 921 1097 1113 937 1
789 921 1097 1113 937 922 1098 1114 938 1
790 922 1098 1114 938 923 1099 1115 939 1
791 923 1099 1115 939 924 1100 1116 940 1
792 924 1100 1116 940 925 1101 1117 941 1
793 925 1101 1117 941 926 1102 1118 942 1
794 926 1102 1118 942 927 1103 1119 943 1
795 927 1103 1119 943 928 1104 1120 944 1
796 929 1105 1121 945 930 1106 1122 946 1
797 930 1106 1122 946 931 1107 1123 947 1
798 931 1107 1123 947 932 1108 1124 948 1
799 932 1108 1124 948 933 1109 1125 949 1
800 933 1109 1125 949 934 1110 1126 950 1
801 934 1110 1126 950 935 1111 1127 951 1
802 935 1111 1127 951 936 1112 1128 952 1
803 936 1112 1128 952 937 1113 1129 953 1
804 937 1113 1129 953 938 1114 1130 954 1
805 938 1114 1130 954 939 1115 1131 955 1
806 939 1115 1131 955 940 1116 1132 956 1
807 940 1116 1132 956 941 1117 1133 957 1
808 941 1117 1133 957 942 1118 1134 958 1
809 942 1118 1134 958 943 1119 1135 959 1
810 943 1119 1135 959 944 1120 1136 960 1
811 945 1121 1137 961 946 1122 1138 962 1
812 946 1122 1138 962 947 1123 1139 963 1
813 947 1123 1139 963 948 1124 1140 964 1
814 948 1124 1140 964 949 1125 1141 965 1
815 949 1125 1141 965 950 1126 1142 966 1
816 950 1126 1142 966 951 1127 1143 967 1
817 951 1127 1143 967 952 1128 1144 968 1
818 952 1128 1144 968 953 1129 1145 969 1
819 953 1129 1145 969 954 1130 1146 970 1
820 954 1130 1146 970 955 1131 1147 971 1
821 955 1131 1147 971 956 1132 1148 972 1
822 956 1132 1148 972 957 1133 1149 973 1
823 957 1133 1149 973 958 1134 1150 974 1
824 958 1134 1150 974 959 1135 1151 975 1
825 959 1135 1151 975 960 1136 1152 976 1
826 961 1137 1153 977 962 1138 1154 978 1
827 962 1138 1154 978 963 1139 1155 979 1
828 963 1139 1155 979 964 1140 1156 980 1
829 964 1140 1156 980 965 1141 1157 981 1
830 965 1141 1157 981 966 1142 1158 982 1
831 966 1142 1158 982 967 1143 1159 983 1
832 967 1143 1159 983 968 1144 1160 984 1
833 968 1144 1160 984 969 1145 1161 985 1
834 969 1145 1161 985 970 1146 1162 986 1
835 970 1146 1162 986 971 1147 1163 987 1
836 971 1147 1163 987 972 1148 1164 988 1
837 972 1148 1164 988 973 1149 1165 989 1
838 973 1149 1165 989 974 1150 1166 990 1
839 974 1150 1166 990 975 1151 1167 991 1
840 975 1151 1167 991 976 1152 1168 992 1
841 977 1153 1169 993 978 1154 1170 994 1
842 978 1154 1170 994 979 1155 1171 995 1
843 979 1155 1171 995 980 1156 1172 996 1
844 980 1156 1172 996 981 1157 1173 997 1
845 981 1157 1173 997 982 1158 1174 998 1
846 982 1158 1174 998 983 1159 1175 999 1
847 983 1159 1175 999 984 1160 1176 1000 1
848 984 1160 1176 1000 985 1161 1177 1001 1
849 985 1161 1177 1001 986 1162 1178 1002 1
850 986 1162 1178 1002 987 1163 1179 1003 1
851 987 1163 1179 1003 988 1164 1180 1004 1
852 988 1164 1180 1004 989 1165 1181 1005 1
853 989 1165 1181 1005 990 1166 1182 1006 1
854 990 1166 1182 1006 991 1167 1183 1007 1
855 991 1167 1183 1007 992 1168 1184 1008 1
856 993 1169 1185 1009 994 1170 1186 1010 1
857 994 1170 1186 1010 995 1171 1187 1011 1
858 995 1171 1187 1011 996 1172 1188 1012 1
859 996 1172 1188 1012 997 1173 1189 1013 1
860 997 1173 1189 1013 998 1174 1190 1014 1
861 998 1174 1190 1014 999 1175 1191 1015 1
862 999 1175 1191 1015 1000 1176 1192 1016 1
863 1000 1176 1192 1016 1001 1177 1193 1017 1
864 1001 1177 1193 1017 1002 1178 1194 1018 1
865 1002 1178 1194 1018 1003 1179 1195 1019 1
866 1003 1179 1195 1019 1004 1180 1196 1020 1
867 1004 1180 1196 1020 1005 1181 1197 1021 1
868 1005 1181 1197 1021 1006 1182 1198 1022 1
869 1006 1182 1198 1022 1007 1183 1199 1023 1
870 1007 1183 1199 1023 1008 1184 1200 1024 1
871 1009 1185 1201 1025 1010 1186 1202 1026 1
872 1010 1186 1202 1026 1011 1187 1203 1027 1
873 1011 1187 1203 1027 1012 1188 1204 1028 1
874 1012 1188 1204 1028 1013 1189 1205 1029 1
875 1013 1189 1205 1029 1014 1190 1206 1030 1
876 1014 1190 1206 1030 1015 1191 1207 1031 1
877 1015 1191 1207 1031 1016 1192 1208 1032 1
878 1016 1192 1208 1032 1017 1193 1209 1033 1
879 1017 1193 1209 1033 1018 1194 1210 1034 1
880 1018 1194 1210 1034 1019 1195 1211 1035 1
881 1019 1195 1211 1035 1020 1196 1212 1036 1
882 1020 1196 1212 1036 1021 1197 1213 1037 1
883 1021 1197 1213 1037 1022 1198 1214 1038 1
884 1022 1198 1214 1038 1023 1199 1215 1039 1
885 1023 1199 1215 1039 1024 1200 1216 1040 1
886 1025 1201 1217 1041 1026 1202 1218 1042 1
887 1026 1202 1218 1042 1027 1203 1219 1043 1
888 1027 1203 1219 1043 1028 1204 1220 1044 1
889 1028 1204 1220 1044 1029 1205 1221 1045 1
890 1029 1205 1221 1045 1030 1206 1222 1046 1
891 1030 1206 1222 1046 1031 1207 1223 1047 1
892 1031 1207 1223 1047 1032 1208 1224 1048 1
893 1032 1208 1224 1048 1033 1209 1225 1049 1
894 1033 1209 1225 1049 1034 1210 1226 1050 1
895 1034 1210 1226 1050 1035 1211 1227 1051 1
896 1035 1211 1227 1051 1036 1212 1228 1052 1
897 1036 1212 1228 1052 1037 1213 1229 1053 1
898 1037 1213 1229 1053 1038 1214 1230 1054 1
899 1038 1214 1230 1054 1039 1215 1231 1055 1
900 1039 1215 1231 1055 1040 1216 1232 1056 1
901 1057 1233 1249 1073 1058 1234 1250 1074 1
902 1058 1234 1250 1074 1059 1235 1251 1075 1
903 1059 1235 1251 1075 1060 1236 1252 1076 1
904 1060 1236 1252 1076 1061 1237 1253 1077 1
905 1061 1237 1253 1077 1062 1238 1254 1078 1
906 1062 1238 1254 1078 1063 1239 1255 1079 1
907 1063 1239 1255 1079 1064 1240 1256 1080 1
908 1064 1240 1256 1080 1065 1241 1257 1081 1
909 1065 1241 1257 1081 1066 1242 1258 1082 1
910 1066 1242 1258 1082 1067 1243 1259 1083 1
911 1067 1243 1259 1083 1068 1244 1260 1084 1
912 1068 1244 1260 1084 1069 1245 1261 1085 1
913 1069 1245 1261 1085 1070 1246 1262 1086 1
914 1070 1246 1262 1086 1071 1247 1263 1087 1
915 1071 1247 1263 1087 1072 1248 1264 1088 1
916 1073 1249 1265 1089 1074 1250 1266 1090 1
917 1074 1250 1266 1090 1075 1251 1267 1091 1
918 1075 1251 1267 1091 1076 1252 1268 1092 1
919 1076 1252 1268 1092 1077 1253 1269 1093 1
920 1077 1253 1269 1093 1078 1254 1270 1094 1
921 1078 1254 1270 1094 1079 1255 1271 1095 1
922 1079 1255 1271 1095 1080 1256 1272 1096 1
923 1080 1256 1272 1096 1081 1257 1273 1097 1
924 1081 1257 1273 1097 1082 1258 1274 1098 1
925 1082 1258 1274 1098 1083 1259 1275 1099 1
926 1083 1259 1275 1099 1084 1260 1276 1100 1
927 1084 1260 1276 1100 1085 1261 1277 1101 1
928 1085 1261 1277 1101 1086 1262 1278 1102 1
929 1086 1262 1278 1102 1087 1263 1279 1103 1
930 1087 1263 1279 1103 1088 1264 1280 1104 1
931 1089 1265 1281 1105 1090 1266 1282 1106 1
932 1090 1266 1282 1106 1091 1267 1283 1107 1
933 1091 1267 1283 1107 1092 1268 1284 1108 1
934 1092 1268 1284 1108 1093 1269 1285 1109 1
935 1093 1269 1285 1109 1094 1270 1286 1110 1
936 1094 1270 1286 1110 1095 1271 1287 1111 1
937 1095 1271 1287 1111 1096 1272 1288 1112 1
938 1096 1272 1288 1112 1097 1273 1289 1113 1
939 1097 1273 1289 1113 1098 1274 1290 1114 1
940 1098 1274 1290 1114 1099 1275 1291 1115 1
941 1099 1275 1291 1115 1100 1276 1292 1116 1
942 1100 1276 1292 1116 1101 1277 1293 1117 1
943 1101 1277 1293 1117 1102 1278 1294 1118 1
944 1102 1278 1294 1118 1103 1279 1295 1119 1
945 1103 1279 1295 1119 1104 1280 1296 1120 1
946 1105 1281 1297 1121 1106 1282 1298 1122 1
947 1106 1282 1298 1122 1107 1283 1299 1123 1
948 1107 1283 1299 1123 1108 1284 1300 1124 1
949 1108 1284 1300 1124 1109 1285 1301 1125 1
950 1109 1285 1301 1125 1110 1286 1302 1126 1
951 1110 1286 1302 1126 1111 1287 1303 1127 1
952 1111 1287 1303 1127 1112 1288 1304 1128 1
953 1112 1288 1304 1128 1113 1289 1305 1129 1
954 1113 1289 1305 1129 1114 1290 1306 1130 1
955 1114 1290 1306 1130 1115 1291 1307 1131 1
956 1115 1291 1307 1131 1116 1292 1308 1132 1
957 1116 1292 1308 1132 1117 1293 1309 1133 1
958 1117 1293 1309 1133 1118 1294 1310 1134 1
959 1118 1294 1310 1134 1119 1295 1311 1135 1
960 1119 1295 1311 1135 1120 1296 1312 1136 1
961 1121 1297 1313 1137 1122 1298 1314 1138 1
962 1122 1298 1314 1138 1123 1299 1315 1139 1
963 1123 1299 1315 1139 1124 1300 1316 1140 1
964 1124 1300 1316 1140 1125 1301 1317 1141 1
965 1125 1301 1317 1141 1126 1302 1318 1142 1
966 1126 1302 1318 1142 1127 1303 1319 1143 1
967 1127 1303 1319 1143 1128 1304 1320 1144 1
968 1128 1304 1320 1144 1129 1305 1321 1145 1
969 1129 1305 1321 1145 1130 1306 1322 1146 1
970 1130 1306 1322 1146 1131 1307 1323 1147 1
971 1131 1307 1323 1147 1132 1308 1324 1148 1
972 1132 1308 1324 1148 1133 1309 1325 1149 1
973 1133 1309 1325 1149 1134 1310 1326 1150 1
974 1134 1310 1326 1150 1135 1311 1327 1151 1
975 1135 1311 1327 1151 1136 1312 1328 1152 1
976 1137 1313 1329 1153 1138 1314 1330 1154 1
977 1138 1314 1330 1154 1139 1315 1331 1155 1
978 1139 1315 1331 1155 1140 1316 1332 1156 1
979 1140 1316 1332 1156 1141 1317 1333 1157 1
980 1141 1317 1333 1157 1142 1318 1334 1158 1
981 1142 1318 1334 1158 1143 1319 1335 1159 1
982 1143 1319 1335 1159 1144 1320 1336 1160 1
983 1144 1320 1336 1160 1145 1321 1337 1161 1
984 1145 1321 1337 1161 1146 1322 1338 1162 1
985 1146 1322 1338 1162 1147 1323 1339 1163 1
986 1147 1323 1339 1163 1148 1324 1340 1164 1
987 1148 1324 1340 1164 1149 1325 1341 1165 1
988 1149 1325 1341 1165 1150 1326 1342 1166 1
989 1150 1326 1342 1166 1151 1327 1343 1167 1
990 1151 1327 1343 1167 1152 1328 1344 1168 1
991 1153 1329 1345 1169 1154 1330 1346 1170 1
992 1154 1330 1346 1170 1155 1331 1347 1171 1
993 1155 1331 1347 1171 1156 1332 1348 1172 1
994 1156 1332 1348 1172 1157 1333 1349 1173 1
995 1157 1333 1349 1173 1158 1334 1350 1174 1
996 1158 1334 1350 1174 1159 1335 1351 1175 1
997 1159 1335 1351 1175 1160 1336 1352 1176 1
998 1160 1336 1352 1176 1161 1337 1353 1177 1
999 1161 1337 1353 1177 1162 1338 1354 1178 1
1000 1162 1338 1354 1178 1163 1339 1355 1179 1
1001 1163 1339 1355 1179 1164 1340 1356 1180 1
1002 1164 1340 1356 1180 1165 1341 1357 1181 1
1003 1165 1341 1357 1181 1166 1342 1358 1182 1
1004 1166 1342 1358 1182 1167 1343 1359 1183 1
1005 1167 1343 1359 1183 1168 1344 1360 1184 1
1006 1169 1345 1361 1185 1170 1346 1362 1186 1
1007 1170 1346 1362 1186 1171 1347 1363 1187 1
1008 1171 1347 1363 1187 1172 1348 1364 1188 1
1009 1172 1348 1364 1188 1173 1349 1365 1189 1
1010 1173 1349 1365 1189 1174 1350 1366 1190 1
1011 1174 1350 1366 1190 1175 1351 1367 1191 1
1012 1175 1351 1367 1191 1176 1352 1368 1192 1
1013 1176 1352 1368 1192 1177 1353 1369 1193 1
1014 1177 1353 1369 1193 1178 1354 1370 1194 1
1015 1178 1354 1370 1194 1179 1355 1371 1195 1
1016 1179 1355 1371 1195 1180 1356 1372 1196 1
1017 1180 1356 1372 1196 1181 1357 1373 1197 1
1018 1181 1357 1373 1197 1182 1358 1374 1198 1
1019 1182 1358 1374 1198 1183 1359 1375 1199 1
1020 1183 1359 1375 1199 1184 1360 1376 1200 1
1021 1185 1361 1377 1201 1186 1362 1378 1202 1
1022 1186 1362 1378 1202 1187 1363 1379 1203 1
1023 1187 1363 1379 1203 1188 1364 1380 1204 1
1024 1188 1364 1380 1204 1189 1365 1381 1205 1
1025 1189 1365 1381 1205 1190 1366 1382 1206 1
1026 1190 1366 1382 1206 1191 1367 1383 1207 1
1027 1191 1367 1383 1207 1192 1368 1384 1208 1
1028 1192 1368 1384 1208 1193 1369 1385 1209 1
1029 1193 1369 1385 1209 1194 1370 1386 1210 1
1030 1194 1370 1386 1210 1195 1371 1387 1211 1
1031 1195 1371 1387 1211 1196 1372 1388 1212 1
1032 1196 1372 1388 1212 1197 1373 1389 1213 1
1033 1197 1373 1389 1213 1198 1374 1390 1214 1
1034 1198 1374 1390 1214 1199 1375 1391 1215 1
1035 1199 1375 1391 1215 1200 1376 1392 1216 1
1036 1201 1377 1393 1217 1202 1378 1394 1218 1
1037 1202 1378 1394 1218 1203 1379 1395 1219 1
1038 1203 1379 1395 1219 1204 1380 1396 1220 1
1039 1204 1380 1396 1220 1205 1381 1397 1221 1
1040 1205 1381 1397 1221 1206 1382 1398 1222 1
1041 1206 1382 1398 1222 1207 1383 1399 1223 1
1042 1207 1383 1399 1223 1208 1384 1400 1224 1
1043 1208 1384 1400 1224 1209 1385 1401 1225 1
1044 1209 1385 1401 1225 1210 1386 1402 1226 1
1045 1210 1386 1402 1226 1211 1387 1403 1227 1
1046 1211 1387 1403 1227 1212 1388 1404 1228 1
1047 1212 1388 1404 1228 1213 1389 1405 1229 1
1048 1213 1389 1405 1229 1214 1390 1406 1230 1
1049 1214 1390 1406 1230 1215 1391 1407 1231 1
1050 1215 1391 1407 1231 1216 1392 1408 1232 1
1051 1233 1409 1425 1249 1234 1410 1426 1250 1
1052 1234 1410 1426 1250 1235 1411 1427 1251 1
1053 1235 1411 1427 1251 1236 1412 1428 1252 1
1054 1236 1412 1428 1252 1237 1413 1429 1253 1
1055 1237 1413 1429 1253 1238 1414 1430 1254 1
1056 1238 1414 1430 1254 1239 1415 1431 1255 1
1057 1239 1415 1431 1255 1240 1416 1432 1256 1
1058 1240 1416 1432 1256 1241 1417 1433 1257 1
1059 1241 1417 1433 1257 1242 1418 1434 1258 1
1060 1242 1418 1434 1258 1243 1419 1435 1259 1
1061 1243 1419 1435 1259 1244 1420 1436 1260 1
1062 1244 1420 1436 1260 1245 1421 1437 1261 1
1063 1245 1421 1437 1261 1246 1422 1438 1262 1
1064 1246 1422 1438 1262 1247 1423 1439 1263 1
1065 1247 1423 1439 1263 1248 1424 1440 1264 1
1066 1249 1425 1441 1265 1250 1426 1442 1266 1
1067 1250 1426 1442 1266 1251 1427 1443 1267 1
1068 1251 1427 1443 1267 1252 1428 1444 1268 1
1069 1252 1428 1444 1268 1253 1429 1445 1269 1
1070 1253 1429 1445 1269 1254 1430 1446 1270 1
1071 1254 1430 1446 1270 1255 1431 1447 1271 1
1072 1255 1431 1447 1271 1256 1432 1448 1272 1
1073 1256 1432 1448 1272 1257 1433 1449 1273 1
1074 1257 1433 1449 1273 1258 1434 1450 1274 1
1075 1258 1434 1450 1274 1259 1435 1451 1275 1
1076 1259 1435 1451 1275 1260 1436 1452 1276 1
1077 1260 1436 1452 1276 1261 1437 1453 1277 1
1078 1261 1437 1453 1277 1262 1438 1454 1278 1
1079 1262 1438 1454 1278 1263 1439 1455 1279 1
1080 1263 1439 1455 1279 1264 1440 1456 1280 1
1081 1265 1441 1457 1281 1266 1442 1458 1282 1
1082 1266 1442 1458 1282 1267 1443 1459 1283 1
1083 1267 1443 1459 1283 1268 1444 1460 1284 1
1084 1268 1444 1460 1284 1269 1445 1461 1285 1
1085 1269 1445 1461 1285 1270 1446 1462 1286 1
1086 1270 1446 1462 1286 1271 1447 1463 1287 1
1087 1271 1447 1463 1287 1272 1448 1464 1288 1
1088 1272 1448 1464 1288 1273 1449 1465 1289 1
1089 1273 1449 1465 1289 1274 1450 1466 1290 1
1090 1274 1450 1466 1290 1275 1451 1467 1291 1
1091 1275 1451 1467 1291 1276 1452 1468 1292 1
1092 1276 1452 1468 1292 1277 1453 1469 1293 1
1093 1277 1453 1469 1293 1278 1454 1470 1294 1
1094 1278 1454 1470 1294 1279 1455 1471 1295 1
1095 1279 1455 1471 1295 1280 1456 1472 1296 1
1096 1281 1457 1473 1297 1282 1458 1474 1298 1
1097 1282 1458 1474 1298 1283 1459 1475 1299 1
1098 1283 1459 1475 1299 1284 1460 1476 1300 1
1099 1284 1460 1476 1300 1285 1461 1477 1301 1
1100 1285 1461 1477 1301 1286 1462 1478 1302 1
1101 1286 1462 1478 1302 1287 1463 1479 1303 1
1102 1287 1463 1479 1303 1288 1464 1480 1304 1
1103 1288 1464 1480 1304 1289 1465 1481 1305 1
1104 1289 1465 1481 1305 1290 1466 1482 1306 1
1105 1290 1466 1482 1306 1291 1467 1483 1307 1
1106 1291 1467 1483 1307 1292 1468 1484 1308 1
1107 1292 1468 1484 1308 1293 1469 1485 1309 1
1108 1293 1469 1485 1309 1294 1470 1486 1310 1
1109 1294 1470 1486 1310 1295 1471 1487 1311 1
1110 1295 1471 1487 1311 1296 1472 1488 1312 1
1111 1297 1473 1489 1313 1298 1474 1490 1314 1
1112 1298 1474 1490 1314 1299 1475 1491 1315 1
1113 1299 1475 1491 1315 1300 1476 1492 1316 1
1114 1300 1476 1492 1316 1301 1477 1493 1317 1
1115 1301 1477 1493 1317 1302 1478 1494 1318 1
1116 1302 1478 1494 1318 1303 1479 1495 1319 1
1117 1303 1479 1495 1319 1304 1480 1496 1320 1
1118 1304 1480 1496 1320 1305 1481 1497 1321 1
1119 1305 1481 1497 1321 1306 1482 1498 1322 1
1120 1306 1482 1498 1322 1307 1483 1499 1323 1
1121 1307 1483 1499 1323 1308 1484 1500 1324 1
1122 1308 1484 1500 1324 1309 1485 1501 1325 1
1123 1309 1485 1501 1325 1310 1486 1502 1326 1
1124 1310 1486 1502 1326 1311 1487 1503 1327 1
1125 1311 1487 1503 1327 1312 1488 1504 1328 1
1126 1313 1489 1505 1329 1314 1490 1506 1330 1
1127 1314 1490 1506 1330 1315 1491 1507 1331 1
1128 1315 1491 1507 1331 1316 1492 1508 1332 1
1129 1316 1492 1508 1332 1317 1493 1509 1333 1
1130 1317 1493 1509 1333 1318 1494 1510 1334 1
1131 1318 1494 1510 1334 1319 1495 1511 1335 1
1132 1319 1495 1511 1335 1320 1496 1512 1336 1
1133 1320 1496 1512 1336 1321 1497 1513 1337 1
1134 1321 1497 1513 1337 1322 1498 1514 1338 1
1135 1322 1498 1514 1338 1323 1499 1515 1339 1
1136 1323 1499 1515 1339 1324 1500 1516 1340 1
1137 1324 1500 1516 1340 1325 1501 1517 1341 1
1138 1325 1501 1517 1341 1326 1502 1518 1342 1
1139 1326 1502 1518 1342 1327 1503 1519 1343 1
1140 1327 1503 1519 1343 1328 1504 1520 1344 1
1141 1329 1505 1521 1345 1330 1506 1522 1346 1
1142 1330 1506 1522 1346 1331 1507 1523 1347 1
1143 1331 1507 1523 1347 1332 1508 1524 1348 1
1144 1332 1508 1524 1348 1333 1509 1525 1349 1
1145 1333 1509 1525 1349 1334 1510 1526 1350 1
1146 1334 1510 1526 1350 1335 1511 1527 1351 1
1147 1335 1511 1527 1351 1336 1512 1528 1352 1
1148 1336 1512 1528 1352 1337 1513 1529 1353 1
1149 1337 1513 1529 1353 1338 1514 1530 1354 1
1150 1338 1514 1530 1354 1339 1515 1531 1355 1
1151 1339 1515 1531 1355 1340 1516 1532 1356 1
1152 1340 1516 1532 1356 1341 1517 1533 1357 1
1153 1341 1517 1533 1357 1342 1518 1534 1358 1
1154 1342 1518 1534 1358 1343 1519 1535 1359 1
1155 1343 1519 1535 1359 1344 1520 1536 1360 1
1156 1345 1521 1537 1361 1346 1522 1538 1362 1
1157 1346 1522 1538 1362 1347 1523 1539 1363 1
1158 1347 1523 1539 1363 1348 1524 1540 1364 1
1159 1348 1524 1540 1364 1349 1525 1541 1365 1
1160 1349 1525 1541 1365 1350 1526 1542 1366 1
1161 1350 1526 1542 1366 1351 1527 1543 1367 1
1162 1351 1527 1543 1367 1352 1528 1544 1368 1
1163 1352 1528 1544 1368 1353 1529 1545 1369 1
1164 1353 1529 1545 1369 1354 1530 1546 1370 1
1165 1354 1530 1546 1370 1355 1531 1547 1371 1
1166 1355 1531 1547 1371 1356 1532 1548 1372 1
1167 1356 1532 1548 1372 1357 1533 1549 1373 1
1168 1357 1533 1549 1373 1358 1534 1550 1374 1
1169 1358 1534 1550 1374 1359 1535 1551 1375 1
1170 1359 1535 1551 1375 1360 1536 1552 1376 1
1171 1361 1537 1553 1377 1362 1538 1554 1378 1
1172 1362 1538 1554 1378 1363 1539 1555 1379 1
1173 1363 1539 1555 1379 1364 1540 1556 1380 1
1174 1364 1540 1556 1380 1365 1541 1557 1381 1
1175 1365 1541 1557 1381 1366 1542 1558 1382 1
1176 1366 1542 1558 1382 1367 1543 1559 1383 1
1177 1367 1543 1559 1383 1368 1544 1560 1384 1
1178 1368 1544 1560 1384 1369 1545 1561 1385 1
1179 1369 1545 1561 1385 1370 1546 1562 1386 1
1180 1370 1546 1562 1386 1371 1547 1563 1387 1
1181 1371 1547 1563 1387 1372 1548 1564 1388 1
1182 1372 1548 1564 1388 1373 1549 1565 1389 1
1183 1373 1549 1565 1389 1374 1550 1566 1390 1
1184 1374 1550 1566 1390 1375 1551 1567 1391 1
1185 1375 1551 1567 1391 1376 1552 1568 1392 1
1186 1377 1553 1569 1393 1378 1554 1570 1394 1
1187 1378 1554 1570 1394 1379 1555 1571 1395 1
1188 1379 1555 1571 1395 1380 1556 1572 1396 1
1189 1380 1556 1572 1396 1381 1557 1573 1397 1
1190 1381 1557 1573 1397 1382 1558 1574 1398 1
1191 1382 1558 1574 1398 1383 1559 1575 1399 1
1192 1383 1559 1575 1399 1384 1560 1576 1400 1
1193 1384 1560 1576 1400 1385 1561 1577 1401 1
1194 1385 1561 1577 1401 1386 1562 1578 1402 1
1195 1386 1562 1578 1402 1387 1563 1579 1403 1
1196 1387 1563 1579 1403 1388 1564 1580 1404 1
1197 1388 1564 1580 1404 1389 1565 1581 1405 1
1198 1389 1565 1581 1405 1390 1566 1582 1406 1
1199 1390 1566 1582 1406 1391 1567 1583 1407 1
1200 1391 1567 1583 1407 1392 1568 1584 1408 1
1201 1409 1585 1601 1425 1410 1586 1602 1426 1
1202 1410 1586 1602 1426 1411 1587 1603 1427 1
1203 1411 1587 1603 1427 1412 1588 1604 1428 1
1204 1412 1588 1604 1428 1413 1589 1605 1429 1
1205 1413 1589 1605 1429 1414 1590 1606 1430 1
1206 1414 1590 1606 1430 1415 1591 1607 1431 1
1207 1415 1591 1607 1431 1416 1592 1608 1432 1
1208 1416 1592 1608 1432 1417 1593 1609 1433 1
1209 1417 1593 1609 1433 1418 1594 1610 1434 1
1210 1418 1594 1610 1434 1419 1595 1611 1435 1
1211 1419 1595 1611 1435 1420 1596 1612 1436 1
1212 1420 1596 1612 1436 1421 1597 1613 1437 1
1213 1421 1597 1613 1437 1422 1598 1614 1438 1
1214 1422 1598 1614 1438 1423 1599 1615 1439 1
1215 1423 1599 1615 1439 1424 1600 1616 1440 1
1216 1425 1601 1617 1441 1426 1602 1618 1442 1
1217 1426 1602 1618 1442 1427 1603 1619 1443 1
1218 1427 1603 1619 1443 1428 1604 1620 1444 1
1219 1428 1604 1620 1444 1429 1605 1621 1445 1
1220 1429 1605 1621 1445 1430 1606 1622 1446 1
1221 1430 1606 1622 1446 1431 1607 1623 1447 1
1222 1431 1607 1623 1447 1432 1608 1624 1448 1
1223 1432 1608 1624 1448 1433 1609 1625 1449 1
1224 1433 1609 1625 1449 1434 1610 1626 1450 1
1225 1434 1610 1626 1450 1435 1611 1627 1451 1
1226 1435 1611 1627 1451 1436 1612 1628 1452 1
1227 1436 1612 1628 1452 1437 1613 1629 1453 1
1228 1437 1613 1629 1453 1438 1614 1630 1454 1
1229 1438 1614 1630 1454 1439 1615 1631 1455 1
1230 1439 1615 1631 1455 1440 1616 1632 1456 1
1231 1441 1617 1633 1457 1442 1618 1634 1458 1
1232 1442 1618 1634 1458 1443 1619 1635 1459 1
1233 1443 1619 1635 1459 1444 1620 1636 1460 1
1234 1444 1620 1636 1460 1445 1621 1637 1461 1
1235 1445 1621 1637 1461 1446 1622 1638 1462 1
1236 1446 1622 1638 1462 1447 1623 1639 1463 1
1237 1447 1623 1639 1463 1448 1624 1640 1464 1
1238 1448 1624 1640 1464 1449 1625 1641 1465 1
1239 1449 1625 1641 1465 1450 1626 1642 1466 1
1240 1450 1626 1642 1466 1451 1627 1643 1467 1
1241 1451 1627 1643 1467 1452 1628 1644 1468 1
1242 1452 1628 1644 1468 1453 1629 1645 1469 1
1243 1453 1629 1645 1469 1454 1630 1646 1470 1
1244 1454 1630 1646 1470 1455 1631 1647 1471 1
1245 1455 1631 1647 1471 1456 1632 1648 1472 1
1246 1457 1633 1649 1473 1458 1634 1650 1474 1
1247 1458 1634 1650 1474 1459 1635 1651 1475 1
1248 1459 1635 1651 1475 1460 1636 1652 1476 1
1249 1460 1636 1652 1476 1461 1637 1653 1477 1
1250 1461 1637 1653 1477 1462 1638 1654 1478 1
1251 1462 1638 1654 1478 1463 1639 1655 1479 1
1252 1463 1639 1655 1479 1464 1640 1656 1480 1
1253 1464 1640 1656 1480 1465 1641 1657 1481 1
1254 1465 1641 1657 1481 1466 1642 1658 1482 1
1255 1466 1642 1658 1482 1467 1643 1659 1483 1
1256 1467 1643 1659 1483 1468 1644 1660 1484 1
1257 1468 1644 1660 1484 1469 1645 1661 1485 1
1258 1469 1645 1661 1485 1470 1646 1662 1486 1
1259 1470 1646 1662 1486 1471 1647 1663 1487 1
1260 1471 1647 1663 1487 1472 1648 1664 1488 1
1261 1473 1649 1665 1489 1474 1650 1666 1490 1
1262 1474 1650 1666 1490 1475 1651 1667 1491 1
1263 1475 1651 1667 1491 1476 1652 1668 1492 1
1264 1476 1652 1668 1492 1477 1653 1669 1493 1
1265 1477 1653 1669 1493 1478 1654 1670 1494 1
1266 1478 1654 1670 1494 1479 1655 1671 1495 1
1267 1479 1655 1671 1495 1480 1656 1672 1496 1
1268 1480 1656 1672 1496 1481 1657 1673 1497 1
1269 1481 1657 1673 1497 1482 1658 1674 1498 1
1270 1482 1658 1674 1498 1483 1659 1675 1499 1
1271 1483 1659 1675 1499 1484 1660 1676 1500 1
1272 1484 1660 1676 1500 1485 1661 1677 1501 1
1273 1485 1661 1677 1501 1486 1662 1678 1502 1
1274 1486 1662 1678 1502 1487 1663 1679 1503 1
1275 1487 1663 1679 1503 1488 1664 1680 1504 1
1276 1489 1665 1681 1505 1490 1666 1682 1506 1
1277 1490 1666 1682 1506 1491 1667 1683 1507 1
1278 1491 1667 1683 1507 1492 1668 1684 1508 1
1279 1492 1668 1684 1508 1493 1669 1685 1509 1
1280 1493 1669 1685 1509 1494 1670 1686 1510 1
1281 1494 1670 1686 1510 1495 1671 1687 1511 1
1282 1495 1671 1687 1511 1496 1672 1688 1512 1
1283 1496 1672 1688 1512 1497 1673 1689 1513 1
1284 1497 1673 1689 1513 1498 1674 1690 1514 1
1285 1498 1674 1690 1514 1499 1675 1691 1515 1
1286 1499 1675 1691 1515 1500 1676 1692 1516 1
1287 1500 1676 1692 1516 1501 1677 1693 1517 1
1288 1501 1677 1693 1517 1502 1678 1694 1518 1
1289 1502 1678 1694 1518 1503 1679 1695 1519 1
1290 1503 1679 1695 1519 1504 1680 1696 1520 1
1291 1505 1681 1697 1521 1506 1682 1698 1522 1
1292 1506 1682 1698 1522 1507 1683 1699 1523 1
1293 1507 1683 1699 1523 1508 1684 1700 1524 1
1294 1508 1684 1700 1524 1509 1685 1701 1525 1
1295 1509 1685 1701 1525 1510 1686 1702 1526 1
1296 1510 1686 1702 1526 1511 1687 1703 1527 1
1297 1511 1687 1703 1527 1512 1688 1704 1528 1
1298 1512 1688 1704 1528 1513 1689 1705 1529 1
1299 1513 1689 1705 1529 1514 1690 1706 1530 1
1300 1514 1690 1706 1530 1515 1691 1707 1531 1
1301 1515 1691 1707 1531 1516 1692 1708 1532 1
1302 1516 1692 1708 1532 1517 1693 1709 1533 1
1303 1517 1693 1709 1533 1518 1694 1710 1534 1
1304 1518 1694 1710 1534 1519 1695 1711 1535 1
1305 1519 1695 1711 1535 1520 1696 1712 1536 1
1306 1521 1697 1713 1537 1522 1698 1714 1538 1
1307 1522 1698 1714 1538 1523 1699 1715 1539 1
1308 1523 1699 1715 1539 1524 1700 1716 1540 1
1309 1524 1700 1716 1540 1525 1701 1717 1541 1
1310 1525 1701 1717 1541 1526 1702 1718 1542 1
1311 1526 1702 1718 1542 1527 1703 1719 1543 1
1312 1527 1703 1719 1543 1528 1704 1720 1544 1
1313 1528 1704 1720 1544 1529 1705 1721 1545 1
1314 1529 1705 1721 1545 1530 1706 1722 1546 1
1315 1530 1706 1722 1546 1531 1707 1723 1547 1
1316 1531 1707 1723 1547 1532 1708 1724 1548 1
1317 1532 1708 1724 1548 1533 1709 1725 1549 1
1318 1533 1709 1725 1549 1534 1710 1726 1550 1
1319 1534 1710 1726 1550 1535 1711 1727 1551 1
1320 1535 1711 1727 1551 1536 1712 1728 1552 1
1321 1537 1713 1729 1553 1538 1714 1730 1554 1
1322 1538 1714 1730 1554 1539 1715 1731 1555 1
1323 1539 1715 1731 1555 1540 1716 1732 1556 1
1324 1540 1716 1732 1556 1541 1717 1733 1557 1
1325 1541 1717 1733 1557 1542 1718 1734 1558 1
1326 1542 1718 1734 1558 1543 1719 1735 1559 1
1327 1543 1719 1735 1559 1544 1720 1736 1560 1
1328 1544 1720 1736 1560 1545 1721 1737 1561 1
1329 1545 1721 1737 1561 1546 1722 1738 1562 1
1330 1546 1722 1738 1562 1547 1723 1739 1563 1
1331 1547 1723 1739 1563 1548 1724 1740 1564 1
1332 1548 1724 1740 1564 1549 1725 1741 1565 1
1333 1549 1725 1741 1565 1550 1726 1742 1566 1
1334 1550 1726 1742 1566 1551 1727 1743 1567 1
1335 1551 1727 1743 1567 1552 1728 1744 1568 1
1336 1553 1729 1745 1569 1554 1730 1746 1570 1
1337 1554 1730 1746 1570 1555 1731 1747 1571 1
1338 1555 1731 1747 1571 1556 1732 1748 1572 1
1339 1556 1732 1748 1572 1557 1733 1749 1573 1
1340 1557 1733 1749 1573 1558 1734 1750 1574 1
1341 1558 1734 1750 1574 1559 1735 1751 1575 1
1342 1559 1735 1751 1575 1560 1736 1752 1576 1
1343 1560 1736 1752 1576 1561 1737 1753 1577 1
1344 1561 1737 1753 1577 1562 1738 1754 1578 1
1345 1562 1738 1754 1578 1563 1739 1755 1579 1
1346 1563 1739 1755 1579 1564 1740 1756 1580 1
1347 1564 1740 1756 1580 1565 1741 1757 1581 1
1348 1565 1741 1757 1581 1566 1742 1758 1582 1
1349 1566 1742 1758 1582 1567 1743 1759 1583 1
1350 1567 1743 1759 1583 1568 1744 1760 1584 1
1351 1585 1761 1777 1601 1586 1762 1778 1602 1
1352 1586 1762 1778 1602 1587 1763 1779 1603 1
1353 1587 1763 1779 1603 1588 1764 1780 1604 1
1354 1588 1764 1780 1604 1589 1765 1781 1605 1
1355 1589 1765 1781 1605 1590 1766 1782 1606 1
1356 1590 1766 1782 1606 1591 1767 1783 1607 1
1357 1591 1767 1783 1607 1592 1768 1784 1608 1
1358 1592 1768 1784 1608 1593 1769 1785 1609 1
1359 1593 1769 1785 1609 1594 1770 1786 1610 1
1360 1594 1770 1786 1610 1595 1771 1787 1611 1
1361 1595 1771 1787 1611 1596 1772 1788 1612 1
1362 1596 1772 1788 1612 1597 1773 1789 1613 1
1363 1597 1773 1789 1613 1598 1774 1790 1614 1
1364 1598 1774 1790 1614 1599 1775 1791 1615 1
1365 1599 1775 1791 1615 1600 1776 1792 1616 1
1366 1601 1777 1793 1617 1602 1778 1794 1618 1
1367 1602 1778 1794 1618 1603 1779 1795 1619 1
1368 1603 1779 1795 1619 1604 1780 1796 1620 1
1369 1604 1780 1796 1620 1605 1781 1797 1621 1
1370 1605 1781 1797 1621 1606 1782 1798 1622 1
1371 1606 1782 1798 1622 1607 1783 1799 1623 1
1372 1607 1783 1799 1623 1608 1784 1800 1624 1
1373 1608 1784 1800 1624 1609 1785 1801 1625 1
1374 1609 1785 1801 1625 1610 1786 1802 1626 1
1375 1610 1786 1802 1626 1611 1787 1803 1627 1
1376 1611 1787 1803 1627 1612 1788 1804 1628 1
1377 1612 1788 1804 1628 1613 1789 1805 1629 1
1378 1613 1789 1805 1629 1614 1790 1806 1630 1
1379 1614 1790 1806 1630 1615 1791 1807 1631 1
1380 1615 1791 1807 1631 1616 1792 1808 1632 1
1381 1617 1793 1809 1633 1618 1794 1810 1634 1
1382 1618 1794 1810 1634 1619 1795 1811 1635 1
1383 1619 1795 1811 1635 1620 1796 1812 1636 1
1384 1620 1796 1812 1636 1621 1797 1813 1637 1
1385 1621 1797 1813 1637 1622 1798 1814 1638 1
1386 1622 1798 1814 1638 1623 1799 1815 1639 1
1387 1623 1799 1815 1639 1624 1800 1816 1640 1
1388 1624 1800 1816 1640 1625 1801 1817 1641 1
1389 1625 1801 1817 1641 1626 1802 1818 1642 1
1390 1626 1802 1818 1642 1627 1803 1819 1643 1
1391 1627 1803 1819 1643 1628 1804 1820 1644 1
1392 1628 1804 1820 1644 1629 1805 1821 1645 1
1393 1629 1805 1821 1645 1630 1806 1822 1646 1
1394 1630 1806 1822 1646 1631 1807 1823 1647 1
1395 1631 1807 1823 1647 1632 1808 1824 1648 1
1396 1633 1809 1825 1649 1634 1810 1826 1650 1
1397 1634 1810 1826 1650 1635 1811 1827 1651 1
1398 1635 1811 1827 1651 1636 1812 1828 1652 1
1399 1636 1812 1828 1652 1637 1813 1829 1653 1
1400 1637 1813 1829 1653 1638 1814 1830 1654 1
1401 1638 1814 1830 1654 1639 1815 1831 1655 1
1402 1639 1815 1831 1655 1640 1816 1832 1656 1
1403 1640 1816 1832 1656 1641 1817 1833 1657 1
1404 1641 1817 1833 1657 1642 1818 1834 1658 1
1405 1642 1818 1834 1658 1643 1819 1835 1659 1
1406 1643 1819 1835 1659 1644 1820 1836 1660 1
1407 1644 1820 1836 1660 1645 1821 1837 1661 1
1408 1645 1821 1837 1661 1646 1822 1838 1662 1
1409 1646 1822 1838 1662 1647 1823 1839 1663 1
1410 1647 1823 1839 1663 1648 1824 1840 1664 1
1411 1649 1825 1841 1665 1650 1826 1842 1666 1
1412 1650 1826 1842 1666 1651 1827 1843 1667 1
1413 1651 1827 1843 1667 1652 1828 1844 1668 1
1414 1652 1828 1844 1668 1653 1829 1845 1669 1
1415 1653 1829 1845 1669 1654 1830 1846 1670 1
1416 1654 1830 1846 1670 1655 1831 1847 1671 1
1417 1655 1831 1847 1671 1656 1832 1848 1672 1
1418 1656 1832 1848 1672 1657 1833 1849 1673 1
1419 1657 1833 1849 1673 1658 1834 1850 1674 1
1420 1658 1834 1850 1674 1659 1835 1851 1675 1
1421 1659 1835 1851 1675 1660 1836 1852 1676 1
1422 1660 1836 1852 1676 1661 1837 1853 1677 1
1423 1661 1837 1853 1677 1662 1838 1854 1678 1
1424 1662 1838 1854 1678 1663 1839 1855 1679 1
1425 1663 1839 1855 1679 1664 1840 1856 1680 1
1426 1665 1841 1857 1681 1666 1842 1858 1682 1
1427 1666 1842 1858 1682 1667 1843 1859 1683 1
1428 1667 1843 1859 1683 1668 1844 1860 1684 1
1429 1668 1844 1860 1684 1669 1845 1861 1685 1
1430 1669 1845 1861 1685 1670 1846 1862 1686 1
1431 1670 1846 1862 1686 1671 1847 1863 1687 1
1432 1671 1847 1863 1687 1672 1848 1864 1688 1
1433 1672 1848 1864 1688 1673 1849 1865 1689 1
1434 1673 1849 1865 1689 1674 1850 1866 1690 1
1435 1674 1850 1866 1690 1675 1851 1867 1691 1
1436 1675 1851 1867 1691 1676 1852 1868 1692 1
1437 1676 1852 1868 1692 1677 1853 1869 1693 1
1438 1677 1853 1869 1693 1678 1854 1870 1694 1
1439 1678 1854 1870 1694 1679 1855 1871 1695 1
1440 1679 1855 1871 1695 1680 1856 1872 1696 1
1441 1681 1857 1873 1697 1682 1858 1874 1698 1
1442 1682 1858 1874 1698 1683 1859 1875 1699 1
1443 1683 1859 1875 1699 1684 1860 1876 1700 1
1444 1684 1860 1876 1700 1685 1861 1877 1701 1
1445 1685 1861 1877 1701 1686 1862 1878 1702 1
1446 1686 1862 1878 1702 1687 1863 1879 1703 1
1447 1687 1863 1879 1703 1688 1864 1880 1704 1
1448 1688 1864 1880 1704 1689 1865 1881 1705 1
1449 1689 1865 1881 1705 1690 1866 1882 1706 1
1450 1690 1866 1882 1706 1691 1867 1883 1707 1
1451 1691 1867 1883 1707 1692 1868 1884 1708 1
1452 1692 1868 1884 1708 1693 1869 1885 1709 1
1453 1693 1869 1885 1709 1694 1870 1886 1710 1
1454 1694 1870 1886 1710 1695 1871 1887 1711 1
1455 1695 1871 1887 1711 1696 1872 1888 1712 1
1456 1697 1873 1889 1713 1698 1874 1890 1714 1
1457 1698 1874 1890 1714 1699 1875 1891 1715 1
1458 1699 1875 1891 1715 1700 1876 1892 1716 1
1459 1700 1876 1892 1716 1701 1877 1893 1717 1
1460 1701 1877 1893 1717 1702 1878 1894 1718 1
1461 1702 1878 1894 1718 1703 1879 1895 1719 1
1462 1703 1879 1895 1719 1704 1880 1896 1720 1
1463 1704 1880 1896 1720 1705 1881 1897 1721 1
1464 1705 1881 1897 1721 1706 1882 1898 1722 1
1465 1706 1882 1898 1722 1707 1883 1899 1723 1
1466 1707 1883 1899 1723 1708 1884 1900 1724 1
1467 1708 1884 1900 1724 1709 1885 1901 1725 1
1468 1709 1885 1901 1725 1710 1886 1902 1726 1
1469 1710 1886 1902 1726 1711 1887 1903 1727 1
1470 1711 1887 1903 1727 1712 1888 1904 1728 1
1471 1713 1889 1905 1729 1714 1890 1906 1730 1
1472 1714 1890 1906 1730 1715 1891 1907 1731 1
1473 1715 1891 1907 1731 1716 1892 1908 1732 1
1474 1716 1892 1908 1732 1717 1893 1909 1733 1
1475 1717 1893 1909 1733 1718 1894 1910 1734 1
1476 1718 1894 1910 1734 1719 1895 1911 1735 1
1477 1719 1895 1911 1735 1720 1896 1912 1736 1
1478 1720 1896 1912 1736 1721 1897 1913 1737 1
1479 1721 1897 1913 1737 1722 1898 1914 1738 1
1480 1722 1898 1914 1738 1723 1899 1915 1739 1
1481 1723 1899 1915 1739 1724 1900 1916 1740 1
1482 1724 1900 1916 1740 1725 1901 1917 1741 1
1483 1725 1901 1917 1741 1726 1902 1918 1742 1
1484 1726 1902 1918 1742 1727 1903 1919 1743 1
1485 1727 1903 1919 1743 1728 1904 1920 1744 1
1486 1729 1905 1921 1745 1730 1906 1922 1746 1
1487 1730 1906 1922 1746 1731 1907 1923 1747 1
1488 1731 1907 1923 1747 1732 1908 1924 1748 1
1489 1732 1908 1924 1748 1733 1909 1925 1749 1
1490 1733 1909 1925 1749 1734 1910 1926 1750 1
1491 1734 1910 1926 1750 1735 1911 1927 1751 1
1492 1735 1911 1927 1751 1736 1912 1928 1752 1
1493 1736 1912 1928 1752 1737 1913 1929 1753 1
1494 1737 1913 1929 1753 1738 1914 1930 1754 1
1495 1738 1914 1930 1754 1739 1915 1931 1755 1
1496 1739 1915 1931 1755 1740 1916 1932 1756 1
1497 1740 1916 1932 1756 1741 1917 1933 1757 1
1498 1741 1917 1933 1757 1742 1918 1934 1758 1
1499 1742 1918 1934 1758 1743 1919 1935 1759 1
1500 1743 1919 1935 1759 1744 1920 1936 1760 1
