1 -5.0 -5.0 0.0
2 -5.0 -5.0 1.0
3 -5.0 -5.0 2.0
4 -5.0 -5.0 3.0
5 -5.0 -5.0 4.0
6 -5.0 -5.0 5.0
7 -5.0 -5.0 6.0
8 -5.0 -5.0 7.0
9 -5.0 -5.0 8.0
10 -5.0 -5.0 9.0
11 -5.0 -5.0 10.0
12 -5.0 -5.0 11.0
13 -5.0 -5.0 12.0
14 -5.0 -5.0 13.0
15 -5.0 -5.0 14.0
16 -5.0 -5.0 15.0
17 -5.0 -4.0 0.0
18 -5.0 -4.0 1.0
19 -5.0 -4.0 2.0
20 -5.0 -4.0 3.0
21 -5.0 -4.0 4.0
22 -5.0 -4.0 5.0
23 -5.0 -4.0 6.0
24 -5.0 -4.0 7.0
25 -5.0 -4.0 8.0
26 -5.0 -4.0 9.0
27 -5.0 -4.0 10.0
28 -5.0 -4.0 11.0
29 -5.0 -4.0 12.0
30 -5.0 -4.0 13.0
31 -5.0 -4.0 14.0
32 -5.0 -4.0 15.0
33 -5.0 -3.0 0.0
34 -5.0 -3.0 1.0
35 -5.0 -3.0 2.0
36 -5.0 -3.0 3.0
37 -5.0 -3.0 4.0
38 -5.0 -3.0 5.0
39 -5.0 -3.0 6.0
40 -5.0 -3.0 7.0
41 -5.0 -3.0 8.0
42 -5.0 -3.0 9.0
43 -5.0 -3.0 10.0
44 -5.0 -3.0 11.0
45 -5.0 -3.0 12.0
46 -5.0 -3.0 13.0
47 -5.0 -3.0 14.0
48 -5.0 -3.0 15.0
49 -5.0 -2.0 0.0
50 -5.0 -2.0 1.0
51 -5.0 -2.0 2.0
52 -5.0 -2.0 3.0
53 -5.0 -2.0 4.0
54 -5.0 -2.0 5.0
55 -5.0 -2.0 6.0
56 -5.0 -2.0 7.0
57 -5.0 -2.0 8.0
58 -5.0 -2.0 9.0
59 -5.0 -2.0 10.0
60 -5.0 -2.0 11.0
61 -5.0 -2.0 12.0
62 -5.0 -2.0 13.0
63 -5.0 -2.0 14.0
64 -5.0 -2.0 15.0
65 -5.0 -1.0 0.0
66 -5.0 -1.0 1.0
67 -5.0 -1.0 2.0
68 -5.0 -1.0 3.0
69 -5.0 -1.0 4.0
70 -5.0 -1.0 5.0
71 -5.0 -1.0 6.0
72 -5.0 -1.0 7.0
73 -5.0 -1.0 8.0
74 -5.0 -1.0 9.0
75 -5.0 -1.0 10.0
76 -5.0 -1.0 11.0
77 -5.0 -1.0 12.0
78 -5.0 -1.0 13.0
79 -5.0 -1.0 14.0
80 -5.0 -1.0 15.0
81 -5.0 0.0 0.0
82 -5.0 0.0 1.0
83 -5.0 0.0 2.0
84 -5.0 0.0 3.0
85 -5.0 0.0 4.0
86 -5.0 0.0 5.0
87 -5.0 0.0 6.0
88 -5.0 0.0 7.0
89 -5.0 0.0 8.0
90 -5.0 0.0 9.0
91 -5.0 0.0 10.0
92 -5.0 0.0 11.0
93 -5.0 0.0 12.0
94 -5.0 0.0 13.0
95 -5.0 0.0 14.0
96 -5.0 0.0 15.0
97 -5.0 1.0 0.0
98 -5.0 1.0 1.0
99 -5.0 1.0 2.0
100 -5.0 1.0 3.0
101 -5.0 1.0 4.0
102 -5.0 1.0 5.0
103 -5.0 1.0 6.0
104 -5.0 1.0 7.0
105 -5.0 1.0 8.0
106 -5.0 1.0 9.0
107 -5.0 1.0 10.0
108 -5.0 1.0 11.0
109 -5.0 1.0 12.0
110 -5.0 1.0 13.0
111 -5.0 1.0 14.0
112 -5.0 1.0 15.0
113 -5.0 2.0 0.0
114 -5.0 2.0 1.0
115 -5.0 2.0 2.0
116 -5.0 2.0 3.0
117 -5.0 2.0 4.0
118 -5.0 2.0 5.0
119 -5.0 2.0 6.0
120 -5.0 2.0 7.0
121 -5.0 2.0 8.0
122 -5.0 2.0 9.0
123 -5.0 2.0 10.0
124 -5.0 2.0 11.0
125 -5.0 2.0 12.0
126 -5.0 2.0 13.0
127 -5.0 2.0 14.0
128 -5.0 2.0 15.0
129 -5.0 3.0 0.0
130 -5.0 3.0 1.0
131 -5.0 3.0 2.0
132 -5.0 3.0 3.0
133 -5.0 3.0 4.0
134 -5.0 3.0 5.0
135 -5.0 3.0 6.0
136 -5.0 3.0 7.0
137 -5.0 3.0 8.0
138 -5.0 3.0 9.0
139 -5.0 3.0 10.0
140 -5.0 3.0 11.0
141 -5.0 3.0 12.0
142 -5.0 3.0 13.0
143 -5.0 3.0 14.0
144 -5.0 3.0 15.0
145 -5.0 4.0 0.0
146 -5.0 4.0 1.0
147 -5.0 4.0 2.0
148 -5.0 4.0 3.0
149 -5.0 4.0 4.0
150 -5.0 4.0 5.0
151 -5.0 4.0 6.0
152 -5.0 4.0 7.0
153 -5.0 4.0 8.0
154 -5.0 4.0 9.0
155 -5.0 4.0 10.0
156 -5.0 4.0 11.0
157 -5.0 4.0 12.0
158 -5.0 4.0 13.0
159 -5.0 4.0 14.0
160 -5.0 4.0 15.0
161 -5.0 5.0 0.0
162 -5.0 5.0 1.0
163 -5.0 5.0 2.0
164 -5.0 5.0 3.0
165 -5.0 5.0 4.0
166 -5.0 5.0 5.0
167 -5.0 5.0 6.0
168 -5.0 5.0 7.0
169 -5.0 5.0 8.0
170 -5.0 5.0 9.0
171 -5.0 5.0 10.0
172 -5.0 5.0 11.0
173 -5.0 5.0 12.0
174 -5.0 5.0 13.0
175 -5.0 5.0 14.0
176 -5.0 5.0 15.0
177 -4.0 -5.0 0.0
178 -4.0 -5.0 1.0
179 -4.0 -5.0 2.0
180 -4.0 -5.0 3.0
181 -4.0 -5.0 4.0
182 -4.0 -5.0 5.0
183 -4.0 -5.0 6.0
184 -4.0 -5.0 7.0
185 -4.0 -5.0 8.0
186 -4.0 -5.0 9.0
187 -4.0 -5.0 10.0
188 -4.0 -5.0 11.0
189 -4.0 -5.0 12.0
190 -4.0 -5.0 13.0
191 -4.0 -5.0 14.0
192 -4.0 -5.0 15.0
193 -4.0 -4.0 0.0
194 -4.0 -4.0 1.0
195 -4.0 -4.0 2.0
196 -4.0 -4.0 3.0
197 -4.0 -4.0 4.0
198 -4.0 -4.0 5.0
199 -4.0 -4.0 6.0
200 -4.0 -4.0 7.0
201 -4.0 -4.0 8.0
202 -4.0 -4.0 9.0
203 -4.0 -4.0 10.0
204 -4.0 -4.0 11.0
205 -4.0 -4.0 12.0
206 -4.0 -4.0 13.0
207 -4.0 -4.0 14.0
208 -4.0 -4.0 15.0
209 -4.0 -3.0 0.0
210 -4.0 -3.0 1.0
211 -4.0 -3.0 2.0
212 -4.0 -3.0 3.0
213 -4.0 -3.0 4.0
214 -4.0 -3.0 5.0
215 -4.0 -3.0 6.0
216 -4.0 -3.0 7.0
217 -4.0 -3.0 8.0
218 -4.0 -3.0 9.0
219 -4.0 -3.0 10.0
220 -4.0 -3.0 11.0
221 -4.0 -3.0 12.0
222 -4.0 -3.0 13.0
223 -4.0 -3.0 14.0
224 -4.0 -3.0 15.0
225 -4.0 -2.0 0.0
226 -4.0 -2.0 1.0
227 -4.0 -2.0 2.0
228 -4.0 -2.0 3.0
229 -4.0 -2.0 4.0
230 -4.0 -2.0 5.0
231 -4.0 -2.0 6.0
232 -4.0 -2.0 7.0
233 -4.0 -2.0 8.0
234 -4.0 -2.0 9.0
235 -4.0 -2.0 10.0
236 -4.0 -2.0 11.0
237 -4.0 -2.0 12.0
238 -4.0 -2.0 13.0
239 -4.0 -2.0 14.0
240 -4.0 -2.0 15.0
241 -4.0 -1.0 0.0
242 -4.0 -1.0 1.0
243 -4.0 -1.0 2.0
244 -4.0 -1.0 3.0
245 -4.0 -1.0 4.0
246 -4.0 -1.0 5.0
247 -4.0 -1.0 6.0
248 -4.0 -1.0 7.0
249 -4.0 -1.0 8.0
250 -4.0 -1.0 9.0
251 -4.0 -1.0 10.0
252 -4.0 -1.0 11.0
253 -4.0 -1.0 12.0
254 -4.0 -1.0 13.0
255 -4.0 -1.0 14.0
256 -4.0 -1.0 15.0
257 -4.0 0.0 0.0
258 -4.0 0.0 1.0
259 -4.0 0.0 2.0
260 -4.0 0.0 3.0
261 -4.0 0.0 4.0
262 -4.0 0.0 5.0
263 -4.0 0.0 6.0
264 -4.0 0.0 7.0
265 -4.0 0.0 8.0
266 -4.0 0.0 9.0
267 -4.0 0.0 10.0
268 -4.0 0.0 11.0
269 -4.0 0.0 12.0
270 -4.0 0.0 13.0
271 -4.0 0.0 14.0
272 -4.0 0.0 15.0
273 -4.0 1.0 0.0
274 -4.0 1.0 1.0
275 -4.0 1.0 2.0
276 -4.0 1.0 3.0
277 -4.0 1.0 4.0
278 -4.0 1.0 5.0
279 -4.0 1.0 6.0
280 -4.0 1.0 7.0
281 -4.0 1.0 8.0
282 -4.0 1.0 9.0
283 -4.0 1.0 10.0
284 -4.0 1.0 11.0
285 -4.0 1.0 12.0
286 -4.0 1.0 13.0
287 -4.0 1.0 14.0
288 -4.0 1.0 15.0
289 -4.0 2.0 0.0
290 -4.0 2.0 1.0
291 -4.0 2.0 2.0
292 -4.0 2.0 3.0
293 -4.0 2.0 4.0
294 -4.0 2.0 5.0
295 -4.0 2.0 6.0
296 -4.0 2.0 7.0
297 -4.0 2.0 8.0
298 -4.0 2.0 9.0
299 -4.0 2.0 10.0
300 -4.0 2.0 11.0
301 -4.0 2.0 12.0
302 -4.0 2.0 13.0
303 -4.0 2.0 14.0
304 -4.0 2.0 15.0
305 -4.0 3.0 0.0
306 -4.0 3.0 1.0
307 -4.0 3.0 2.0
308 -4.0 3.0 3.0
309 -4.0 3.0 4.0
310 -4.0 3.0 5.0
311 -4.0 3.0 6.0
312 -4.0 3.0 7.0
313 -4.0 3.0 8.0
314 -4.0 3.0 9.0
315 -4.0 3.0 10.0
316 -4.0 3.0 11.0
317 -4.0 3.0 12.0
318 -4.0 3.0 13.0
319 -4.0 3.0 14.0
320 -4.0 3.0 15.0
321 -4.0 4.0 0.0
322 -4.0 4.0 1.0
323 -4.0 4.0 2.0
324 -4.0 4.0 3.0
325 -4.0 4.0 4.0
326 -4.0 4.0 5.0
327 -4.0 4.0 6.0
328 -4.0 4.0 7.0
329 -4.0 4.0 8.0
330 -4.0 4.0 9.0
331 -4.0 4.0 10.0
332 -4.0 4.0 11.0
333 -4.0 4.0 12.0
334 -4.0 4.0 13.0
335 -4.0 4.0 14.0
336 -4.0 4.0 15.0
337 -4.0 5.0 0.0
338 -4.0 5.0 1.0
339 -4.0 5.0 2.0
340 -4.0 5.0 3.0
341 -4.0 5.0 4.0
342 -4.0 5.0 5.0
343 -4.0 5.0 6.0
344 -4.0 5.0 7.0
345 -4.0 5.0 8.0
346 -4.0 5.0 9.0
347 -4.0 5.0 10.0
348 -4.0 5.0 11.0
349 -4.0 5.0 12.0
350 -4.0 5.0 13.0
351 -4.0 5.0 14.0
352 -4.0 5.0 15.0
353 -3.0 -5.0 0.0
354 -3.0 -5.0 1.0
355 -3.0 -5.0 2.0
356 -3.0 -5.0 3.0
357 -3.0 -5.0 4.0
358 -3.0 -5.0 5.0
359 -3.0 -5.0 6.0
360 -3.0 -5.0 7.0
361 -3.0 -5.0 8.0
362 -3.0 -5.0 9.0
363 -3.0 -5.0 10.0
364 -3.0 -5.0 11.0
365 -3.0 -5.0 12.0
366 -3.0 -5.0 13.0
367 -3.0 -5.0 14.0
368 -3.0 -5.0 15.0
369 -3.0 -4.0 0.0
370 -3.0 -4.0 1.0
371 -3.0 -4.0 2.0
372 -3.0 -4.0 3.0
373 -3.0 -4.0 4.0
374 -3.0 -4.0 5.0
375 -3.0 -4.0 6.0
376 -3.0 -4.0 7.0
377 -3.0 -4.0 8.0
378 -3.0 -4.0 9.0
379 -3.0 -4.0 10.0
380 -3.0 -4.0 11.0
381 -3.0 -4.0 12.0
382 -3.0 -4.0 13.0
383 -3.0 -4.0 14.0
384 -3.0 -4.0 15.0
385 -3.0 -3.0 0.0
386 -3.0 -3.0 1.0
387 -3.0 -3.0 2.0
388 -3.0 -3.0 3.0
389 -3.0 -3.0 4.0
390 -3.0 -3.0 5.0
391 -3.0 -3.0 6.0
392 -3.0 -3.0 7.0
393 -3.0 -3.0 8.0
394 -3.0 -3.0 9.0
395 -3.0 -3.0 10.0
396 -3.0 -3.0 11.0
397 -3.0 -3.0 12.0
398 -3.0 -3.0 13.0
399 -3.0 -3.0 14.0
400 -3.0 -3.0 15.0
401 -3.0 -2.0 0.0
402 -3.0 -2.0 1.0
403 -3.0 -2.0 2.0
404 -3.0 -2.0 3.0
405 -3.0 -2.0 4.0
406 -3.0 -2.0 5.0
407 -3.0 -2.0 6.0
408 -3.0 -2.0 7.0
409 -3.0 -2.0 8.0
410 -3.0 -2.0 9.0
411 -3.0 -2.0 10.0
412 -3.0 -2.0 11.0
413 -3.0 -2.0 12.0
414 -3.0 -2.0 13.0
415 -3.0 -2.0 14.0
416 -3.0 -2.0 15.0
417 -3.0 -1.0 0.0
418 -3.0 -1.0 1.0
419 -3.0 -1.0 2.0
420 -3.0 -1.0 3.0
421 -3.0 -1.0 4.0
422 -3.0 -1.0 5.0
423 -3.0 -1.0 6.0
424 -3.0 -1.0 7.0
425 -3.0 -1.0 8.0
426 -3.0 -1.0 9.0
427 -3.0 -1.0 10.0
428 -3.0 -1.0 11.0
429 -3.0 -1.0 12.0
430 -3.0 -1.0 13.0
431 -3.0 -1.0 14.0
432 -3.0 -1.0 15.0
433 -3.0 0.0 0.0
434 -3.0 0.0 1.0
435 -3.0 0.0 2.0
436 -3.0 0.0 3.0
437 -3.0 0.0 4.0
438 -3.0 0.0 5.0
439 -3.0 0.0 6.0
440 -3.0 0.0 7.0
441 -3.0 0.0 8.0
442 -3.0 0.0 9.0
443 -3.0 0.0 10.0
444 -3.0 0.0 11.0
445 -3.0 0.0 12.0
446 -3.0 0.0 13.0
447 -3.0 0.0 14.0
448 -3.0 0.0 15.0
449 -3.0 1.0 0.0
450 -3.0 1.0 1.0
451 -3.0 1.0 2.0
452 -3.0 1.0 3.0
453 -3.0 1.0 4.0
454 -3.0 1.0 5.0
455 -3.0 1.0 6.0
456 -3.0 1.0 7.0
457 -3.0 1.0 8.0
458 -3.0 1.0 9.0
459 -3.0 1.0 10.0
460 -3.0 1.0 11.0
461 -3.0 1.0 12.0
462 -3.0 1.0 13.0
463 -3.0 1.0 14.0
464 -3.0 1.0 15.0
465 -3.0 2.0 0.0
466 -3.0 2.0 1.0
467 -3.0 2.0 2.0
468 -3.0 2.0 3.0
469 -3.0 2.0 4.0
470 -3.0 2.0 5.0
471 -3.0 2.0 6.0
472 -3.0 2.0 7.0
473 -3.0 2.0 8.0
474 -3.0 2.0 9.0
475 -3.0 2.0 10.0
476 -3.0 2.0 11.0
477 -3.0 2.0 12.0
478 -3.0 2.0 13.0
479 -3.0 2.0 14.0
480 -3.0 2.0 15.0
481 -3.0 3.0 0.0
482 -3.0 3.0 1.0
483 -3.0 3.0 2.0
484 -3.0 3.0 3.0
485 -3.0 3.0 4.0
486 -3.0 3.0 5.0
487 -3.0 3.0 6.0
488 -3.0 3.0 7.0
489 -3.0 3.0 8.0
490 -3.0 3.0 9.0
491 -3.0 3.0 10.0
492 -3.0 3.0 11.0
493 -3.0 3.0 12.0
494 -3.0 3.0 13.0
495 -3.0 3.0 14.0
496 -3.0 3.0 15.0
497 -3.0 4.0 0.0
498 -3.0 4.0 1.0
499 -3.0 4.0 2.0
500 -3.0 4.0 3.0
501 -3.0 4.0 4.0
502 -3.0 4.0 5.0
503 -3.0 4.0 6.0
504 -3.0 4.0 7.0
505 -3.0 4.0 8.0
506 -3.0 4.0 9.0
507 -3.0 4.0 10.0
508 -3.0 4.0 11.0
509 -3.0 4.0 12.0
510 -3.0 4.0 13.0
511 -3.0 4.0 14.0
512 -3.0 4.0 15.0
513 -3.0 5.0 0.0
514 -3.0 5.0 1.0
515 -3.0 5.0 2.0
516 -3.0 5.0 3.0
517 -3.0 5.0 4.0
518 -3.0 5.0 5.0
519 -3.0 5.0 6.0
520 -3.0 5.0 7.0
521 -3.0 5.0 8.0
522 -3.0 5.0 9.0
523 -3.0 5.0 10.0
524 -3.0 5.0 11.0
525 -3.0 5.0 12.0
526 -3.0 5.0 13.0
527 -3.0 5.0 14.0
528 -3.0 5.0 15.0
529 -2.0 -5.0 0.0
530 -2.0 -5.0 1.0
531 -2.0 -5.0 2.0
532 -2.0 -5.0 3.0
533 -2.0 -5.0 4.0
534 -2.0 -5.0 5.0
535 -2.0 -5.0 6.0
536 -2.0 -5.0 7.0
537 -2.0 -5.0 8.0
538 -2.0 -5.0 9.0
539 -2.0 -5.0 10.0
540 -2.0 -5.0 11.0
541 -2.0 -5.0 12.0
542 -2.0 -5.0 13.0
543 -2.0 -5.0 14.0
544 -2.0 -5.0 15.0
545 -2.0 -4.0 0.0
546 -2.0 -4.0 1.0
547 -2.0 -4.0 2.0
548 -2.0 -4.0 3.0
549 -2.0 -4.0 4.0
550 -2.0 -4.0 5.0
551 -2.0 -4.0 6.0
552 -2.0 -4.0 7.0
553 -2.0 -4.0 8.0
554 -2.0 -4.0 9.0
555 -2.0 -4.0 10.0
556 -2.0 -4.0 11.0
557 -2.0 -4.0 12.0
558 -2.0 -4.0 13.0
559 -2.0 -4.0 14.0
560 -2.0 -4.0 15.0
561 -2.0 -3.0 0.0
562 -2.0 -3.0 1.0
563 -2.0 -3.0 2.0
564 -2.0 -3.0 3.0
565 -2.0 -3.0 4.0
566 -2.0 -3.0 5.0
567 -2.0 -3.0 6.0
568 -2.0 -3.0 7.0
569 -2.0 -3.0 8.0
570 -2.0 -3.0 9.0
571 -2.0 -3.0 10.0
572 -2.0 -3.0 11.0
573 -2.0 -3.0 12.0
574 -2.0 -3.0 13.0
575 -2.0 -3.0 14.0
576 -2.0 -3.0 15.0
577 -2.0 -2.0 0.0
578 -2.0 -2.0 1.0
579 -2.0 -2.0 2.0
580 -2.0 -2.0 3.0
581 -2.0 -2.0 4.0
582 -2.0 -2.0 5.0
583 -2.0 -2.0 6.0
584 -2.0 -2.0 7.0
585 -2.0 -2.0 8.0
586 -2.0 -2.0 9.0
587 -2.0 -2.0 10.0
588 -2.0 -2.0 11.0
589 -2.0 -2.0 12.0
590 -2.0 -2.0 13.0
591 -2.0 -2.0 14.0
592 -2.0 -2.0 15.0
593 -2.0 -1.0 0.0
594 -2.0 -1.0 1.0
595 -2.0 -1.0 2.0
596 -2.0 -1.0 3.0
597 -2.0 -1.0 4.0
598 -2.0 -1.0 5.0
599 -2.0 -1.0 6.0
600 -2.0 -1.0 7.0
601 -2.0 -1.0 8.0
602 -2.0 -1.0 9.0
603 -2.0 -1.0 10.0
604 -2.0 -1.0 11.0
605 -2.0 -1.0 12.0
606 -2.0 -1.0 13.0
607 -2.0 -1.0 14.0
608 -2.0 -1.0 15.0
609 -2.0 0.0 0.0
610 -2.0 0.0 1.0
611 -2.0 0.0 2.0
612 -2.0 0.0 3.0
613 -2.0 0.0 4.0
614 -2.0 0.0 5.0
615 -2.0 0.0 6.0
616 -2.0 0.0 7.0
617 -2.0 0.0 8.0
618 -2.0 0.0 9.0
619 -2.0 0.0 10.0
620 -2.0 0.0 11.0
621 -2.0 0.0 12.0
622 -2.0 0.0 13.0
623 -2.0 0.0 14.0
624 -2.0 0.0 15.0
625 -2.0 1.0 0.0
626 -2.0 1.0 1.0
627 -2.0 1.0 2.0
628 -2.0 1.0 3.0
629 -2.0 1.0 4.0
630 -2.0 1.0 5.0
631 -2.0 1.0 6.0
632 -2.0 1.0 7.0
633 -2.0 1.0 8.0
634 -2.0 1.0 9.0
635 -2.0 1.0 10.0
636 -2.0 1.0 11.0
637 -2.0 1.0 12.0
638 -2.0 1.0 13.0
639 -2.0 1.0 14.0
640 -2.0 1.0 15.0
641 -2.0 2.0 0.0
642 -2.0 2.0 1.0
643 -2.0 2.0 2.0
644 -2.0 2.0 3.0
645 -2.0 2.0 4.0
646 -2.0 2.0 5.0
647 -2.0 2.0 6.0
648 -2.0 2.0 7.0
649 -2.0 2.0 8.0
650 -2.0 2.0 9.0
651 -2.0 2.0 10.0
652 -2.0 2.0 11.0
653 -2.0 2.0 12.0
654 -2.0 2.0 13.0
655 -2.0 2.0 14.0
656 -2.0 2.0 15.0
657 -2.0 3.0 0.0
658 -2.0 3.0 1.0
659 -2.0 3.0 2.0
660 -2.0 3.0 3.0
661 -2.0 3.0 4.0
662 -2.0 3.0 5.0
663 -2.0 3.0 6.0
664 -2.0 3.0 7.0
665 -2.0 3.0 8.0
666 -2.0 3.0 9.0
667 -2.0 3.0 10.0
668 -2.0 3.0 11.0
669 -2.0 3.0 12.0
670 -2.0 3.0 13.0
671 -2.0 3.0 14.0
672 -2.0 3.0 15.0
673 -2.0 4.0 0.0
674 -2.0 4.0 1.0
675 -2.0 4.0 2.0
676 -2.0 4.0 3.0
677 -2.0 4.0 4.0
678 -2.0 4.0 5.0
679 -2.0 4.0 6.0
680 -2.0 4.0 7.0
681 -2.0 4.0 8.0
682 -2.0 4.0 9.0
683 -2.0 4.0 10.0
684 -2.0 4.0 11.0
685 -2.0 4.0 12.0
686 -2.0 4.0 13.0
687 -2.0 4.0 14.0
688 -2.0 4.0 15.0
689 -2.0 5.0 0.0
690 -2.0 5.0 1.0
691 -2.0 5.0 2.0
692 -2.0 5.0 3.0
693 -2.0 5.0 4.0
694 -2.0 5.0 5.0
695 -2.0 5.0 6.0
696 -2.0 5.0 7.0
697 -2.0 5.0 8.0
698 -2.0 5.0 9.0
699 -2.0 5.0 10.0
700 -2.0 5.0 11.0
701 -2.0 5.0 12.0
702 -2.0 5.0 13.0
703 -2.0 5.0 14.0
704 -2.0 5.0 15.0
705 -1.0 -5.0 0.0
706 -1.0 -5.0 1.0
707 -1.0 -5.0 2.0
708 -1.0 -5.0 3.0
709 -1.0 -5.0 4.0
710 -1.0 -5.0 5.0
711 -1.0 -5.0 6.0
712 -1.0 -5.0 7.0
713 -1.0 -5.0 8.0
714 -1.0 -5.0 9.0
715 -1.0 -5.0 10.0
716 -1.0 -5.0 11.0
717 -1.0 -5.0 12.0
718 -1.0 -5.0 13.0
719 -1.0 -5.0 14.0
720 -1.0 -5.0 15.0
721 -1.0 -4.0 0.0
722 -1.0 -4.0 1.0
723 -1.0 -4.0 2.0
724 -1.0 -4.0 3.0
725 -1.0 -4.0 4.0
726 -1.0 -4.0 5.0
727 -1.0 -4.0 6.0
728 -1.0 -4.0 7.0
729 -1.0 -4.0 8.0
730 -1.0 -4.0 9.0
731 -1.0 -4.0 10.0
732 -1.0 -4.0 11.0
733 -1.0 -4.0 12.0
734 -1.0 -4.0 13.0
735 -1.0 -4.0 14.0
736 -1.0 -4.0 15.0
737 -1.0 -3.0 0.0
738 -1.0 -3.0 1.0
739 -1.0 -3.0 2.0
740 -1.0 -3.0 3.0
741 -1.0 -3.0 4.0
742 -1.0 -3.0 5.0
743 -1.0 -3.0 6.0
744 -1.0 -3.0 7.0
745 -1.0 -3.0 8.0
746 -1.0 -3.0 9.0
747 -1.0 -3.0 10.0
748 -1.0 -3.0 11.0
749 -1.0 -3.0 12.0
750 -1.0 -3.0 13.0
751 -1.0 -3.0 14.0
752 -1.0 -3.0 15.0
753 -1.0 -2.0 0.0
754 -1.0 -2.0 1.0
755 -1.0 -2.0 2.0
756 -1.0 -2.0 3.0
757 -1.0 -2.0 4.0
758 -1.0 -2.0 5.0
759 -1.0 -2.0 6.0
760 -1.0 -2.0 7.0
761 -1.0 -2.0 8.0
762 -1.0 -2.0 9.0
763 -1.0 -2.0 10.0
764 -1.0 -2.0 11.0
765 -1.0 -2.0 12.0
766 -1.0 -2.0 13.0
767 -1.0 -2.0 14.0
768 -1.0 -2.0 15.0
769 -1.0 -1.0 0.0
770 -1.0 -1.0 1.0
771 -1.0 -1.0 2.0
772 -1.0 -1.0 3.0
773 -1.0 -1.0 4.0
774 -1.0 -1.0 5.0
775 -1.0 -1.0 6.0
776 -1.0 -1.0 7.0
777 -1.0 -1.0 8.0
778 -1.0 -1.0 9.0
779 -1.0 -1.0 10.0
780 -1.0 -1.0 11.0
781 -1.0 -1.0 12.0
782 -1.0 -1.0 13.0
783 -1.0 -1.0 14.0
784 -1.0 -1.0 15.0
785 -1.0 0.0 0.0
786 -1.0 0.0 1.0
787 -1.0 0.0 2.0
788 -1.0 0.0 3.0
789 -1.0 0.0 4.0
790 -1.0 0.0 5.0
791 -1.0 0.0 6.0
792 -1.0 0.0 7.0
793 -1.0 0.0 8.0
794 -1.0 0.0 9.0
795 -1.0 0.0 10.0
796 -1.0 0.0 11.0
797 -1.0 0.0 12.0
798 -1.0 0.0 13.0
799 -1.0 0.0 14.0
800 -1.0 0.0 15.0
801 -1.0 1.0 0.0
802 -1.0 1.0 1.0
803 -1.0 1.0 2.0
804 -1.0 1.0 3.0
805 -1.0 1.0 4.0
806 -1.0 1.0 5.0
807 -1.0 1.0 6.0
808 -1.0 1.0 7.0
809 -1.0 1.0 8.0
810 -1.0 1.0 9.0
811 -1.0 1.0 10.0
812 -1.0 1.0 11.0
813 -1.0 1.0 12.0
814 -1.0 1.0 13.0
815 -1.0 1.0 14.0
816 -1.0 1.0 15.0
817 -1.0 2.0 0.0
818 -1.0 2.0 1.0
819 -1.0 2.0 2.0
820 -1.0 2.0 3.0
821 -1.0 2.0 4.0
822 -1.0 2.0 5.0
823 -1.0 2.0 6.0
824 -1.0 2.0 7.0
825 -1.0 2.0 8.0
826 -1.0 2.0 9.0
827 -1.0 2.0 10.0
828 -1.0 2.0 11.0
829 -1.0 2.0 12.0
830 -1.0 2.0 13.0
831 -1.0 2.0 14.0
832 -1.0 2.0 15.0
833 -1.0 3.0 0.0
834 -1.0 3.0 1.0
835 -1.0 3.0 2.0
836 -1.0 3.0 3.0
837 -1.0 3.0 4.0
838 -1.0 3.0 5.0
839 -1.0 3.0 6.0
840 -1.0 3.0 7.0
841 -1.0 3.0 8.0
842 -1.0 3.0 9.0
843 -1.0 3.0 10.0
844 -1.0 3.0 11.0
845 -1.0 3.0 12.0
846 -1.0 3.0 13.0
847 -1.0 3.0 14.0
848 -1.0 3.0 15.0
849 -1.0 4.0 0.0
850 -1.0 4.0 1.0
851 -1.0 4.0 2.0
852 -1.0 4.0 3.0
853 -1.0 4.0 4.0
854 -1.0 4.0 5.0
855 -1.0 4.0 6.0
856 -1.0 4.0 7.0
857 -1.0 4.0 8.0
858 -1.0 4.0 9.0
859 -1.0 4.0 10.0
860 -1.0 4.0 11.0
861 -1.0 4.0 12.0
862 -1.0 4.0 13.0
863 -1.0 4.0 14.0
864 -1.0 4.0 15.0
865 -1.0 5.0 0.0
866 -1.0 5.0 1.0
867 -1.0 5.0 2.0
868 -1.0 5.0 3.0
869 -1.0 5.0 4.0
870 -1.0 5.0 5.0
871 -1.0 5.0 6.0
872 -1.0 5.0 7.0
873 -1.0 5.0 8.0
874 -1.0 5.0 9.0
875 -1.0 5.0 10.0
876 -1.0 5.0 11.0
877 -1.0 5.0 12.0
878 -1.0 5.0 13.0
879 -1.0 5.0 14.0
880 -1.0 5.0 15.0
881 0.0 -5.0 0.0
882 0.0 -5.0 1.0
883 0.0 -5.0 2.0
884 0.0 -5.0 3.0
885 0.0 -5.0 4.0
886 0.0 -5.0 5.0
887 0.0 -5.0 6.0
888 0.0 -5.0 7.0
889 0.0 -5.0 8.0
890 0.0 -5.0 9.0
891 0.0 -5.0 10.0
892 0.0 -5.0 11.0
893 0.0 -5.0 12.0
894 0.0 -5.0 13.0
895 0.0 -5.0 14.0
896 0.0 -5.0 15.0
897 0.0 -4.0 0.0
898 0.0 -4.0 1.0
899 0.0 -4.0 2.0
900 0.0 -4.0 3.0
901 0.0 -4.0 4.0
902 0.0 -4.0 5.0
903 0.0 -4.0 6.0
904 0.0 -4.0 7.0
905 0.0 -4.0 8.0
906 0.0 -4.0 9.0
907 0.0 -4.0 10.0
908 0.0 -4.0 11.0
909 0.0 -4.0 12.0
910 0.0 -4.0 13.0
911 0.0 -4.0 14.0
912 0.0 -4.0 15.0
913 0.0 -3.0 0.0
914 0.0 -3.0 1.0
915 0.0 -3.0 2.0
916 0.0 -3.0 3.0
917 0.0 -3.0 4.0
918 0.0 -3.0 5.0
919 0.0 -3.0 6.0
920 0.0 -3.0 7.0
921 0.0 -3.0 8.0
922 0.0 -3.0 9.0
923 0.0 -3.0 10.0
924 0.0 -3.0 11.0
925 0.0 -3.0 12.0
926 0.0 -3.0 13.0
927 0.0 -3.0 14.0
928 0.0 -3.0 15.0
929 0.0 -2.0 0.0
930 0.0 -2.0 1.0
931 0.0 -2.0 2.0
932 0.0 -2.0 3.0
933 0.0 -2.0 4.0
934 0.0 -2.0 5.0
935 0.0 -2.0 6.0
936 0.0 -2.0 7.0
937 0.0 -2.0 8.0
938 0.0 -2.0 9.0
939 0.0 -2.0 10.0
940 0.0 -2.0 11.0
941 0.0 -2.0 12.0
942 0.0 -2.0 13.0
943 0.0 -2.0 14.0
944 0.0 -2.0 15.0
945 0.0 -1.0 0.0
946 0.0 -1.0 1.0
947 0.0 -1.0 2.0
948 0.0 -1.0 3.0
949 0.0 -1.0 4.0
950 0.0 -1.0 5.0
951 0.0 -1.0 6.0
952 0.0 -1.0 7.0
953 0.0 -1.0 8.0
954 0.0 -1.0 9.0
955 0.0 -1.0 10.0
956 0.0 -1.0 11.0
957 0.0 -1.0 12.0
958 0.0 -1.0 13.0
959 0.0 -1.0 14.0
960 0.0 -1.0 15.0
961 0.0 0.0 0.0
962 0.0 0.0 1.0
963 0.0 0.0 2.0
964 0.0 0.0 3.0
965 0.0 0.0 4.0
966 0.0 0.0 5.0
967 0.0 0.0 6.0
968 0.0 0.0 7.0
969 0.0 0.0 8.0
970 0.0 0.0 9.0
971 0.0 0.0 10.0
972 0.0 0.0 11.0
973 0.0 0.0 12.0
974 0.0 0.0 13.0
975 0.0 0.0 14.0
976 0.0 0.0 15.0
977 0.0 1.0 0.0
978 0.0 1.0 1.0
979 0.0 1.0 2.0
980 0.0 1.0 3.0
981 0.0 1.0 4.0
982 0.0 1.0 5.0
983 0.0 1.0 6.0
984 0.0 1.0 7.0
985 0.0 1.0 8.0
986 0.0 1.0 9.0
987 0.0 1.0 10.0
988 0.0 1.0 11.0
989 0.0 1.0 12.0
990 0.0 1.0 13.0
991 0.0 1.0 14.0
992 0.0 1.0 15.0
993 0.0 2.0 0.0
994 0.0 2.0 1.0
995 0.0 2.0 2.0
996 0.0 2.0 3.0
997 0.0 2.0 4.0
998 0.0 2.0 5.0
999 0.0 2.0 6.0
1000 0.0 2.0 7.0
1001 0.0 2.0 8.0
1002 0.0 2.0 9.0
1003 0.0 2.0 10.0
1004 0.0 2.0 11.0
1005 0.0 2.0 12.0
1006 0.0 2.0 13.0
1007 0.0 2.0 14.0
1008 0.0 2.0 15.0
1009 0.0 3.0 0.0
1010 0.0 3.0 1.0
1011 0.0 3.0 2.0
1012 0.0 3.0 3.0
1013 0.0 3.0 4.0
1014 0.0 3.0 5.0
1015 0.0 3.0 6.0
1016 0.0 3.0 7.0
1017 0.0 3.0 8.0
1018 0.0 3.0 9.0
1019 0.0 3.0 10.0
1020 0.0 3.0 11.0
1021 0.0 3.0 12.0
1022 0.0 3.0 13.0
1023 0.0 3.0 14.0
1024 0.0 3.0 15.0
1025 0.0 4.0 0.0
1026 0.0 4.0 1.0
1027 0.0 4.0 2.0
1028 0.0 4.0 3.0
1029 0.0 4.0 4.0
1030 0.0 4.0 5.0
1031 0.0 4.0 6.0
1032 0.0 4.0 7.0
1033 0.0 4.0 8.0
1034 0.0 4.0 9.0
1035 0.0 4.0 10.0
1036 0.0 4.0 11.0
1037 0.0 4.0 12.0
1038 0.0 4.0 13.0
1039 0.0 4.0 14.0
1040 0.0 4.0 15.0
1041 0.0 5.0 0.0
1042 0.0 5.0 1.0
1043 0.0 5.0 2.0
1044 0.0 5.0 3.0
1045 0.0 5.0 4.0
1046 0.0 5.0 5.0
1047 0.0 5.0 6.0
1048 0.0 5.0 7.0
1049 0.0 5.0 8.0
1050 0.0 5.0 9.0
1051 0.0 5.0 10.0
1052 0.0 5.0 11.0
1053 0.0 5.0 12.0
1054 0.0 5.0 13.0
1055 0.0 5.0 14.0
1056 0.0 5.0 15.0
1057 1.0 -5.0 0.0
1058 1.0 -5.0 1.0
1059 1.0 -5.0 2.0
1060 1.0 -5.0 3.0
1061 1.0 -5.0 4.0
1062 1.0 -5.0 5.0
1063 1.0 -5.0 6.0
1064 1.0 -5.0 7.0
1065 1.0 -5.0 8.0
1066 1.0 -5.0 9.0
1067 1.0 -5.0 10.0
1068 1.0 -5.0 11.0
1069 1.0 -5.0 12.0
1070 1.0 -5.0 13.0
1071 1.0 -5.0 14.0
1072 1.0 -5.0 15.0
1073 1.0 -4.0 0.0
1074 1.0 -4.0 1.0
1075 1.0 -4.0 2.0
1076 1.0 -4.0 3.0
1077 1.0 -4.0 4.0
1078 1.0 -4.0 5.0
1079 1.0 -4.0 6.0
1080 1.0 -4.0 7.0
1081 1.0 -4.0 8.0
1082 1.0 -4.0 9.0
1083 1.0 -4.0 10.0
1084 1.0 -4.0 11.0
1085 1.0 -4.0 12.0
1086 1.0 -4.0 13.0
1087 1.0 -4.0 14.0
1088 1.0 -4.0 15.0
1089 1.0 -3.0 0.0
1090 1.0 -3.0 1.0
1091 1.0 -3.0 2.0
1092 1.0 -3.0 3.0
1093 1.0 -3.0 4.0
1094 1.0 -3.0 5.0
1095 1.0 -3.0 6.0
1096 1.0 -3.0 7.0
1097 1.0 -3.0 8.0
1098 1.0 -3.0 9.0
1099 1.0 -3.0 10.0
1100 1.0 -3.0 11.0
1101 1.0 -3.0 12.0
1102 1.0 -3.0 13.0
1103 1.0 -3.0 14.0
1104 1.0 -3.0 15.0
1105 1.0 -2.0 0.0
1106 1.0 -2.0 1.0
1107 1.0 -2.0 2.0
1108 1.0 -2.0 3.0
1109 1.0 -2.0 4.0
1110 1.0 -2.0 5.0
1111 1.0 -2.0 6.0
1112 1.0 -2.0 7.0
1113 1.0 -2.0 8.0
1114 1.0 -2.0 9.0
1115 1.0 -2.0 10.0
1116 1.0 -2.0 11.0
1117 1.0 -2.0 12.0
1118 1.0 -2.0 13.0
1119 1.0 -2.0 14.0
1120 1.0 -2.0 15.0
1121 1.0 -1.0 0.0
1122 1.0 -1.0 1.0
1123 1.0 -1.0 2.0
1124 1.0 -1.0 3.0
1125 1.0 -1.0 4.0
1126 1.0 -1.0 5.0
1127 1.0 -1.0 6.0
1128 1.0 -1.0 7.0
1129 1.0 -1.0 8.0
1130 1.0 -1.0 9.0
1131 1.0 -1.0 10.0
1132 1.0 -1.0 11.0
1133 1.0 -1.0 12.0
1134 1.0 -1.0 13.0
1135 1.0 -1.0 14.0
1136 1.0 -1.0 15.0
1137 1.0 0.0 0.0
1138 1.0 0.0 1.0
1139 1.0 0.0 2.0
1140 1.0 0.0 3.0
1141 1.0 0.0 4.0
1142 1.0 0.0 5.0
1143 1.0 0.0 6.0
1144 1.0 0.0 7.0
1145 1.0 0.0 8.0
1146 1.0 0.0 9.0
1147 1.0 0.0 10.0
1148 1.0 0.0 11.0
1149 1.0 0.0 12.0
1150 1.0 0.0 13.0
1151 1.0 0.0 14.0
1152 1.0 0.0 15.0
1153 1.0 1.0 0.0
1154 1.0 1.0 1.0
1155 1.0 1.0 2.0
1156 1.0 1.0 3.0
1157 1.0 1.0 4.0
1158 1.0 1.0 5.0
1159 1.0 1.0 6.0
1160 1.0 1.0 7.0
1161 1.0 1.0 8.0
1162 1.0 1.0 9.0
1163 1.0 1.0 10.0
1164 1.0 1.0 11.0
1165 1.0 1.0 12.0
1166 1.0 1.0 13.0
1167 1.0 1.0 14.0
1168 1.0 1.0 15.0
1169 1.0 2.0 0.0
1170 1.0 2.0 1.0
1171 1.0 2.0 2.0
1172 1.0 2.0 3.0
1173 1.0 2.0 4.0
1174 1.0 2.0 5.0
1175 1.0 2.0 6.0
1176 1.0 2.0 7.0
1177 1.0 2.0 8.0
1178 1.0 2.0 9.0
1179 1.0 2.0 10.0
1180 1.0 2.0 11.0
1181 1.0 2.0 12.0
1182 1.0 2.0 13.0
1183 1.0 2.0 14.0
1184 1.0 2.0 15.0
1185 1.0 3.0 0.0
1186 1.0 3.0 1.0
1187 1.0 3.0 2.0
1188 1.0 3.0 3.0
1189 1.0 3.0 4.0
1190 1.0 3.0 5.0
1191 1.0 3.0 6.0
1192 1.0 3.0 7.0
1193 1.0 3.0 8.0
1194 1.0 3.0 9.0
1195 1.0 3.0 10.0
1196 1.0 3.0 11.0
1197 1.0 3.0 12.0
1198 1.0 3.0 13.0
1199 1.0 3.0 14.0
1200 1.0 3.0 15.0
1201 1.0 4.0 0.0
1202 1.0 4.0 1.0
1203 1.0 4.0 2.0
1204 1.0 4.0 3.0
1205 1.0 4.0 4.0
1206 1.0 4.0 5.0
1207 1.0 4.0 6.0
1208 1.0 4.0 7.0
1209 1.0 4.0 8.0
1210 1.0 4.0 9.0
1211 1.0 4.0 10.0
1212 1.0 4.0 11.0
1213 1.0 4.0 12.0
1214 1.0 4.0 13.0
1215 1.0 4.0 14.0
1216 1.0 4.0 15.0
1217 1.0 5.0 0.0
1218 1.0 5.0 1.0
1219 1.0 5.0 2.0
1220 1.0 5.0 3.0
1221 1.0 5.0 4.0
1222 1.0 5.0 5.0
1223 1.0 5.0 6.0
1224 1.0 5.0 7.0
1225 1.0 5.0 8.0
1226 1.0 5.0 9.0
1227 1.0 5.0 10.0
1228 1.0 5.0 11.0
1229 1.0 5.0 12.0
1230 1.0 5.0 13.0
1231 1.0 5.0 14.0
1232 1.0 5.0 15.0
1233 2.0 -5.0 0.0
1234 2.0 -5.0 1.0
1235 2.0 -5.0 2.0
1236 2.0 -5.0 3.0
1237 2.0 -5.0 4.0
1238 2.0 -5.0 5.0
1239 2.0 -5.0 6.0
1240 2.0 -5.0 7.0
1241 2.0 -5.0 8.0
1242 2.0 -5.0 9.0
1243 2.0 -5.0 10.0
1244 2.0 -5.0 11.0
1245 2.0 -5.0 12.0
1246 2.0 -5.0 13.0
1247 2.0 -5.0 14.0
1248 2.0 -5.0 15.0
1249 2.0 -4.0 0.0
1250 2.0 -4.0 1.0
1251 2.0 -4.0 2.0
1252 2.0 -4.0 3.0
1253 2.0 -4.0 4.0
1254 2.0 -4.0 5.0
1255 2.0 -4.0 6.0
1256 2.0 -4.0 7.0
1257 2.0 -4.0 8.0
1258 2.0 -4.0 9.0
1259 2.0 -4.0 10.0
1260 2.0 -4.0 11.0
1261 2.0 -4.0 12.0
1262 2.0 -4.0 13.0
1263 2.0 -4.0 14.0
1264 2.0 -4.0 15.0
1265 2.0 -3.0 0.0
1266 2.0 -3.0 1.0
1267 2.0 -3.0 2.0
1268 2.0 -3.0 3.0
1269 2.0 -3.0 4.0
1270 2.0 -3.0 5.0
1271 2.0 -3.0 6.0
1272 2.0 -3.0 7.0
1273 2.0 -3.0 8.0
1274 2.0 -3.0 9.0
1275 2.0 -3.0 10.0
1276 2.0 -3.0 11.0
1277 2.0 -3.0 12.0
1278 2.0 -3.0 13.0
1279 2.0 -3.0 14.0
1280 2.0 -3.0 15.0
1281 2.0 -2.0 0.0
1282 2.0 -2.0 1.0
1283 2.0 -2.0 2.0
1284 2.0 -2.0 3.0
1285 2.0 -2.0 4.0
1286 2.0 -2.0 5.0
1287 2.0 -2.0 6.0
1288 2.0 -2.0 7.0
1289 2.0 -2.0 8.0
1290 2.0 -2.0 9.0
1291 2.0 -2.0 10.0
1292 2.0 -2.0 11.0
1293 2.0 -2.0 12.0
1294 2.0 -2.0 13.0
1295 2.0 -2.0 14.0
1296 2.0 -2.0 15.0
1297 2.0 -1.0 0.0
1298 2.0 -1.0 1.0
1299 2.0 -1.0 2.0
1300 2.0 -1.0 3.0
1301 2.0 -1.0 4.0
1302 2.0 -1.0 5.0
1303 2.0 -1.0 6.0
1304 2.0 -1.0 7.0
1305 2.0 -1.0 8.0
1306 2.0 -1.0 9.0
1307 2.0 -1.0 10.0
1308 2.0 -1.0 11.0
1309 2.0 -1.0 12.0
1310 2.0 -1.0 13.0
1311 2.0 -1.0 14.0
1312 2.0 -1.0 15.0
1313 2.0 0.0 0.0
1314 2.0 0.0 1.0
1315 2.0 0.0 2.0
1316 2.0 0.0 3.0
1317 2.0 0.0 4.0
1318 2.0 0.0 5.0
1319 2.0 0.0 6.0
1320 2.0 0.0 7.0
1321 2.0 0.0 8.0
1322 2.0 0.0 9.0
1323 2.0 0.0 10.0
1324 2.0 0.0 11.0
1325 2.0 0.0 12.0
1326 2.0 0.0 13.0
1327 2.0 0.0 14.0
1328 2.0 0.0 15.0
1329 2.0 1.0 0.0
1330 2.0 1.0 1.0
1331 2.0 1.0 2.0
1332 2.0 1.0 3.0
1333 2.0 1.0 4.0
1334 2.0 1.0 5.0
1335 2.0 1.0 6.0
1336 2.0 1.0 7.0
1337 2.0 1.0 8.0
1338 2.0 1.0 9.0
1339 2.0 1.0 10.0
1340 2.0 1.0 11.0
1341 2.0 1.0 12.0
1342 2.0 1.0 13.0
1343 2.0 1.0 14.0
1344 2.0 1.0 15.0
1345 2.0 2.0 0.0
1346 2.0 2.0 1.0
1347 2.0 2.0 2.0
1348 2.0 2.0 3.0
1349 2.0 2.0 4.0
1350 2.0 2.0 5.0
1351 2.0 2.0 6.0
1352 2.0 2.0 7.0
1353 2.0 2.0 8.0
1354 2.0 2.0 9.0
1355 2.0 2.0 10.0
1356 2.0 2.0 11.0
1357 2.0 2.0 12.0
1358 2.0 2.0 13.0
1359 2.0 2.0 14.0
1360 2.0 2.0 15.0
1361 2.0 3.0 0.0
1362 2.0 3.0 1.0
1363 2.0 3.0 2.0
1364 2.0 3.0 3.0
1365 2.0 3.0 4.0
1366 2.0 3.0 5.0
1367 2.0 3.0 6.0
1368 2.0 3.0 7.0
1369 2.0 3.0 8.0
1370 2.0 3.0 9.0
1371 2.0 3.0 10.0
1372 2.0 3.0 11.0
1373 2.0 3.0 12.0
1374 2.0 3.0 13.0
1375 2.0 3.0 14.0
1376 2.0 3.0 15.0
1377 2.0 4.0 0.0
1378 2.0 4.0 1.0
1379 2.0 4.0 2.0
1380 2.0 4.0 3.0
1381 2.0 4.0 4.0
1382 2.0 4.0 5.0
1383 2.0 4.0 6.0
1384 2.0 4.0 7.0
1385 2.0 4.0 8.0
1386 2.0 4.0 9.0
1387 2.0 4.0 10.0
1388 2.0 4.0 11.0
1389 2.0 4.0 12.0
1390 2.0 4.0 13.0
1391 2.0 4.0 14.0
1392 2.0 4.0 15.0
1393 2.0 5.0 0.0
1394 2.0 5.0 1.0
1395 2.0 5.0 2.0
1396 2.0 5.0 3.0
1397 2.0 5.0 4.0
1398 2.0 5.0 5.0
1399 2.0 5.0 6.0
1400 2.0 5.0 7.0
1401 2.0 5.0 8.0
1402 2.0 5.0 9.0
1403 2.0 5.0 10.0
1404 2.0 5.0 11.0
1405 2.0 5.0 12.0
1406 2.0 5.0 13.0
1407 2.0 5.0 14.0
1408 2.0 5.0 15.0
1409 3.0 -5.0 0.0
1410 3.0 -5.0 1.0
1411 3.0 -5.0 2.0
1412 3.0 -5.0 3.0
1413 3.0 -5.0 4.0
1414 3.0 -5.0 5.0
1415 3.0 -5.0 6.0
1416 3.0 -5.0 7.0
1417 3.0 -5.0 8.0
1418 3.0 -5.0 9.0
1419 3.0 -5.0 10.0
1420 3.0 -5.0 11.0
1421 3.0 -5.0 12.0
1422 3.0 -5.0 13.0
1423 3.0 -5.0 14.0
1424 3.0 -5.0 15.0
1425 3.0 -4.0 0.0
1426 3.0 -4.0 1.0
1427 3.0 -4.0 2.0
1428 3.0 -4.0 3.0
1429 3.0 -4.0 4.0
1430 3.0 -4.0 5.0
1431 3.0 -4.0 6.0
1432 3.0 -4.0 7.0
1433 3.0 -4.0 8.0
1434 3.0 -4.0 9.0
1435 3.0 -4.0 10.0
1436 3.0 -4.0 11.0
1437 3.0 -4.0 12.0
1438 3.0 -4.0 13.0
1439 3.0 -4.0 14.0
1440 3.0 -4.0 15.0
1441 3.0 -3.0 0.0
1442 3.0 -3.0 1.0
1443 3.0 -3.0 2.0
1444 3.0 -3.0 3.0
1445 3.0 -3.0 4.0
1446 3.0 -3.0 5.0
1447 3.0 -3.0 6.0
1448 3.0 -3.0 7.0
1449 3.0 -3.0 8.0
1450 3.0 -3.0 9.0
1451 3.0 -3.0 10.0
1452 3.0 -3.0 11.0
1453 3.0 -3.0 12.0
1454 3.0 -3.0 13.0
1455 3.0 -3.0 14.0
1456 3.0 -3.0 15.0
1457 3.0 -2.0 0.0
1458 3.0 -2.0 1.0
1459 3.0 -2.0 2.0
1460 3.0 -2.0 3.0
1461 3.0 -2.0 4.0
1462 3.0 -2.0 5.0
1463 3.0 -2.0 6.0
1464 3.0 -2.0 7.0
1465 3.0 -2.0 8.0
1466 3.0 -2.0 9.0
1467 3.0 -2.0 10.0
1468 3.0 -2.0 11.0
1469 3.0 -2.0 12.0
1470 3.0 -2.0 13.0
1471 3.0 -2.0 14.0
1472 3.0 -2.0 15.0
1473 3.0 -1.0 0.0
1474 3.0 -1.0 1.0
1475 3.0 -1.0 2.0
1476 3.0 -1.0 3.0
1477 3.0 -1.0 4.0
1478 3.0 -1.0 5.0
1479 3.0 -1.0 6.0
1480 3.0 -1.0 7.0
1481 3.0 -1.0 8.0
1482 3.0 -1.0 9.0
1483 3.0 -1.0 10.0
1484 3.0 -1.0 11.0
1485 3.0 -1.0 12.0
1486 3.0 -1.0 13.0
1487 3.0 -1.0 14.0
1488 3.0 -1.0 15.0
1489 3.0 0.0 0.0
1490 3.0 0.0 1.0
1491 3.0 0.0 2.0
1492 3.0 0.0 3.0
1493 3.0 0.0 4.0
1494 3.0 0.0 5.0
1495 3.0 0.0 6.0
1496 3.0 0.0 7.0
1497 3.0 0.0 8.0
1498 3.0 0.0 9.0
1499 3.0 0.0 10.0
1500 3.0 0.0 11.0
1501 3.0 0.0 12.0
1502 3.0 0.0 13.0
1503 3.0 0.0 14.0
1504 3.0 0.0 15.0
1505 3.0 1.0 0.0
1506 3.0 1.0 1.0
1507 3.0 1.0 2.0
1508 3.0 1.0 3.0
1509 3.0 1.0 4.0
1510 3.0 1.0 5.0
1511 3.0 1.0 6.0
1512 3.0 1.0 7.0
1513 3.0 1.0 8.0
1514 3.0 1.0 9.0
1515 3.0 1.0 10.0
1516 3.0 1.0 11.0
1517 3.0 1.0 12.0
1518 3.0 1.0 13.0
1519 3.0 1.0 14.0
1520 3.0 1.0 15.0
1521 3.0 2.0 0.0
1522 3.0 2.0 1.0
1523 3.0 2.0 2.0
1524 3.0 2.0 3.0
1525 3.0 2.0 4.0
1526 3.0 2.0 5.0
1527 3.0 2.0 6.0
1528 3.0 2.0 7.0
1529 3.0 2.0 8.0
1530 3.0 2.0 9.0
1531 3.0 2.0 10.0
1532 3.0 2.0 11.0
1533 3.0 2.0 12.0
1534 3.0 2.0 13.0
1535 3.0 2.0 14.0
1536 3.0 2.0 15.0
1537 3.0 3.0 0.0
1538 3.0 3.0 1.0
1539 3.0 3.0 2.0
1540 3.0 3.0 3.0
1541 3.0 3.0 4.0
1542 3.0 3.0 5.0
1543 3.0 3.0 6.0
1544 3.0 3.0 7.0
1545 3.0 3.0 8.0
1546 3.0 3.0 9.0
1547 3.0 3.0 10.0
1548 3.0 3.0 11.0
1549 3.0 3.0 12.0
1550 3.0 3.0 13.0
1551 3.0 3.0 14.0
1552 3.0 3.0 15.0
1553 3.0 4.0 0.0
1554 3.0 4.0 1.0
1555 3.0 4.0 2.0
1556 3.0 4.0 3.0
1557 3.0 4.0 4.0
1558 3.0 4.0 5.0
1559 3.0 4.0 6.0
1560 3.0 4.0 7.0
1561 3.0 4.0 8.0
1562 3.0 4.0 9.0
1563 3.0 4.0 10.0
1564 3.0 4.0 11.0
1565 3.0 4.0 12.0
1566 3.0 4.0 13.0
1567 3.0 4.0 14.0
1568 3.0 4.0 15.0
1569 3.0 5.0 0.0
1570 3.0 5.0 1.0
1571 3.0 5.0 2.0
1572 3.0 5.0 3.0
1573 3.0 5.0 4.0
1574 3.0 5.0 5.0
1575 3.0 5.0 6.0
1576 3.0 5.0 7.0
1577 3.0 5.0 8.0
1578 3.0 5.0 9.0
1579 3.0 5.0 10.0
1580 3.0 5.0 11.0
1581 3.0 5.0 12.0
1582 3.0 5.0 13.0
1583 3.0 5.0 14.0
1584 3.0 5.0 15.0
1585 4.0 -5.0 0.0
1586 4.0 -5.0 1.0
1587 4.0 -5.0 2.0
1588 4.0 -5.0 3.0
1589 4.0 -5.0 4.0
1590 4.0 -5.0 5.0
1591 4.0 -5.0 6.0
1592 4.0 -5.0 7.0
1593 4.0 -5.0 8.0
1594 4.0 -5.0 9.0
1595 4.0 -5.0 10.0
1596 4.0 -5.0 11.0
1597 4.0 -5.0 12.0
1598 4.0 -5.0 13.0
1599 4.0 -5.0 14.0
1600 4.0 -5.0 15.0
1601 4.0 -4.0 0.0
1602 4.0 -4.0 1.0
1603 4.0 -4.0 2.0
1604 4.0 -4.0 3.0
1605 4.0 -4.0 4.0
1606 4.0 -4.0 5.0
1607 4.0 -4.0 6.0
1608 4.0 -4.0 7.0
1609 4.0 -4.0 8.0
1610 4.0 -4.0 9.0
1611 4.0 -4.0 10.0
1612 4.0 -4.0 11.0
1613 4.0 -4.0 12.0
1614 4.0 -4.0 13.0
1615 4.0 -4.0 14.0
1616 4.0 -4.0 15.0
1617 4.0 -3.0 0.0
1618 4.0 -3.0 1.0
1619 4.0 -3.0 2.0
1620 4.0 -3.0 3.0
1621 4.0 -3.0 4.0
1622 4.0 -3.0 5.0
1623 4.0 -3.0 6.0
1624 4.0 -3.0 7.0
1625 4.0 -3.0 8.0
1626 4.0 -3.0 9.0
1627 4.0 -3.0 10.0
1628 4.0 -3.0 11.0
1629 4.0 -3.0 12.0
1630 4.0 -3.0 13.0
1631 4.0 -3.0 14.0
1632 4.0 -3.0 15.0
1633 4.0 -2.0 0.0
1634 4.0 -2.0 1.0
1635 4.0 -2.0 2.0
1636 4.0 -2.0 3.0
1637 4.0 -2.0 4.0
1638 4.0 -2.0 5.0
1639 4.0 -2.0 6.0
1640 4.0 -2.0 7.0
1641 4.0 -2.0 8.0
1642 4.0 -2.0 9.0
1643 4.0 -2.0 10.0
1644 4.0 -2.0 11.0
1645 4.0 -2.0 12.0
1646 4.0 -2.0 13.0
1647 4.0 -2.0 14.0
1648 4.0 -2.0 15.0
1649 4.0 -1.0 0.0
1650 4.0 -1.0 1.0
1651 4.0 -1.0 2.0
1652 4.0 -1.0 3.0
1653 4.0 -1.0 4.0
1654 4.0 -1.0 5.0
1655 4.0 -1.0 6.0
1656 4.0 -1.0 7.0
1657 4.0 -1.0 8.0
1658 4.0 -1.0 9.0
1659 4.0 -1.0 10.0
1660 4.0 -1.0 11.0
1661 4.0 -1.0 12.0
1662 4.0 -1.0 13.0
1663 4.0 -1.0 14.0
1664 4.0 -1.0 15.0
1665 4.0 0.0 0.0
1666 4.0 0.0 1.0
1667 4.0 0.0 2.0
1668 4.0 0.0 3.0
1669 4.0 0.0 4.0
1670 4.0 0.0 5.0
1671 4.0 0.0 6.0
1672 4.0 0.0 7.0
1673 4.0 0.0 8.0
1674 4.0 0.0 9.0
1675 4.0 0.0 10.0
1676 4.0 0.0 11.0
1677 4.0 0.0 12.0
1678 4.0 0.0 13.0
1679 4.0 0.0 14.0
1680 4.0 0.0 15.0
1681 4.0 1.0 0.0
1682 4.0 1.0 1.0
1683 4.0 1.0 2.0
1684 4.0 1.0 3.0
1685 4.0 1.0 4.0
1686 4.0 1.0 5.0
1687 4.0 1.0 6.0
1688 4.0 1.0 7.0
1689 4.0 1.0 8.0
1690 4.0 1.0 9.0
1691 4.0 1.0 10.0
1692 4.0 1.0 11.0
1693 4.0 1.0 12.0
1694 4.0 1.0 13.0
1695 4.0 1.0 14.0
1696 4.0 1.0 15.0
1697 4.0 2.0 0.0
1698 4.0 2.0 1.0
1699 4.0 2.0 2.0
1700 4.0 2.0 3.0
1701 4.0 2.0 4.0
1702 4.0 2.0 5.0
1703 4.0 2.0 6.0
1704 4.0 2.0 7.0
1705 4.0 2.0 8.0
1706 4.0 2.0 9.0
1707 4.0 2.0 10.0
1708 4.0 2.0 11.0
1709 4.0 2.0 12.0
1710 4.0 2.0 13.0
1711 4.0 2.0 14.0
1712 4.0 2.0 15.0
1713 4.0 3.0 0.0
1714 4.0 3.0 1.0
1715 4.0 3.0 2.0
1716 4.0 3.0 3.0
1717 4.0 3.0 4.0
1718 4.0 3.0 5.0
1719 4.0 3.0 6.0
1720 4.0 3.0 7.0
1721 4.0 3.0 8.0
1722 4.0 3.0 9.0
1723 4.0 3.0 10.0
1724 4.0 3.0 11.0
1725 4.0 3.0 12.0
1726 4.0 3.0 13.0
1727 4.0 3.0 14.0
1728 4.0 3.0 15.0
1729 4.0 4.0 0.0
1730 4.0 4.0 1.0
1731 4.0 4.0 2.0
1732 4.0 4.0 3.0
1733 4.0 4.0 4.0
1734 4.0 4.0 5.0
1735 4.0 4.0 6.0
1736 4.0 4.0 7.0
1737 4.0 4.0 8.0
1738 4.0 4.0 9.0
1739 4.0 4.0 10.0
1740 4.0 4.0 11.0
1741 4.0 4.0 12.0
1742 4.0 4.0 13.0
1743 4.0 4.0 14.0
1744 4.0 4.0 15.0
1745 4.0 5.0 0.0
1746 4.0 5.0 1.0
1747 4.0 5.0 2.0
1748 4.0 5.0 3.0
1749 4.0 5.0 4.0
1750 4.0 5.0 5.0
1751 4.0 5.0 6.0
1752 4.0 5.0 7.0
1753 4.0 5.0 8.0
1754 4.0 5.0 9.0
1755 4.0 5.0 10.0
1756 4.0 5.0 11.0
1757 4.0 5.0 12.0
1758 4.0 5.0 13.0
1759 4.0 5.0 14.0
1760 4.0 5.0 15.0
1761 5.0 -5.0 0.0
1762 5.0 -5.0 1.0
1763 5.0 -5.0 2.0
1764 5.0 -5.0 3.0
1765 5.0 -5.0 4.0
1766 5.0 -5.0 5.0
1767 5.0 -5.0 6.0
1768 5.0 -5.0 7.0
1769 5.0 -5.0 8.0
1770 5.0 -5.0 9.0
1771 5.0 -5.0 10.0
1772 5.0 -5.0 11.0
1773 5.0 -5.0 12.0
1774 5.0 -5.0 13.0
1775 5.0 -5.0 14.0
1776 5.0 -5.0 15.0
1777 5.0 -4.0 0.0
1778 5.0 -4.0 1.0
1779 5.0 -4.0 2.0
1780 5.0 -4.0 3.0
1781 5.0 -4.0 4.0
1782 5.0 -4.0 5.0
1783 5.0 -4.0 6.0
1784 5.0 -4.0 7.0
1785 5.0 -4.0 8.0
1786 5.0 -4.0 9.0
1787 5.0 -4.0 10.0
1788 5.0 -4.0 11.0
1789 5.0 -4.0 12.0
1790 5.0 -4.0 13.0
1791 5.0 -4.0 14.0
1792 5.0 -4.0 15.0
1793 5.0 -3.0 0.0
1794 5.0 -3.0 1.0
1795 5.0 -3.0 2.0
1796 5.0 -3.0 3.0
1797 5.0 -3.0 4.0
1798 5.0 -3.0 5.0
1799 5.0 -3.0 6.0
1800 5.0 -3.0 7.0
1801 5.0 -3.0 8.0
1802 5.0 -3.0 9.0
1803 5.0 -3.0 10.0
1804 5.0 -3.0 11.0
1805 5.0 -3.0 12.0
1806 5.0 -3.0 13.0
1807 5.0 -3.0 14.0
1808 5.0 -3.0 15.0
1809 5.0 -2.0 0.0
1810 5.0 -2.0 1.0
1811 5.0 -2.0 2.0
1812 5.0 -2.0 3.0
1813 5.0 -2.0 4.0
1814 5.0 -2.0 5.0
1815 5.0 -2.0 6.0
1816 5.0 -2.0 7.0
1817 5.0 -2.0 8.0
1818 5.0 -2.0 9.0
1819 5.0 -2.0 10.0
1820 5.0 -2.0 11.0
1821 5.0 -2.0 12.0
1822 5.0 -2.0 13.0
1823 5.0 -2.0 14.0
1824 5.0 -2.0 15.0
1825 5.0 -1.0 0.0
1826 5.0 -1.0 1.0
1827 5.0 -1.0 2.0
1828 5.0 -1.0 3.0
1829 5.0 -1.0 4.0
1830 5.0 -1.0 5.0
1831 5.0 -1.0 6.0
1832 5.0 -1.0 7.0
1833 5.0 -1.0 8.0
1834 5.0 -1.0 9.0
1835 5.0 -1.0 10.0
1836 5.0 -1.0 11.0
1837 5.0 -1.0 12.0
1838 5.0 -1.0 13.0
1839 5.0 -1.0 14.0
1840 5.0 -1.0 15.0
1841 5.0 0.0 0.0
1842 5.0 0.0 1.0
1843 5.0 0.0 2.0
1844 5.0 0.0 3.0
1845 5.0 0.0 4.0
1846 5.0 0.0 5.0
1847 5.0 0.0 6.0
1848 5.0 0.0 7.0
1849 5.0 0.0 8.0
1850 5.0 0.0 9.0
1851 5.0 0.0 10.0
1852 5.0 0.0 11.0
1853 5.0 0.0 12.0
1854 5.0 0.0 13.0
1855 5.0 0.0 14.0
1856 5.0 0.0 15.0
1857 5.0 1.0 0.0
1858 5.0 1.0 1.0
1859 5.0 1.0 2.0
1860 5.0 1.0 3.0
1861 5.0 1.0 4.0
1862 5.0 1.0 5.0
1863 5.0 1.0 6.0
1864 5.0 1.0 7.0
1865 5.0 1.0 8.0
1866 5.0 1.0 9.0
1867 5.0 1.0 10.0
1868 5.0 1.0 11.0
1869 5.0 1.0 12.0
1870 5.0 1.0 13.0
1871 5.0 1.0 14.0
1872 5.0 1.0 15.0
1873 5.0 2.0 0.0
1874 5.0 2.0 1.0
1875 5.0 2.0 2.0
1876 5.0 2.0 3.0
1877 5.0 2.0 4.0
1878 5.0 2.0 5.0
1879 5.0 2.0 6.0
1880 5.0 2.0 7.0
1881 5.0 2.0 8.0
1882 5.0 2.0 9.0
1883 5.0 2.0 10.0
1884 5.0 2.0 11.0
1885 5.0 2.0 12.0
1886 5.0 2.0 13.0
1887 5.0 2.0 14.0
1888 5.0 2.0 15.0
1889 5.0 3.0 0.0
1890 5.0 3.0 1.0
1891 5.0 3.0 2.0
1892 5.0 3.0 3.0
1893 5.0 3.0 4.0
1894 5.0 3.0 5.0
1895 5.0 3.0 6.0
1896 5.0 3.0 7.0
1897 5.0 3.0 8.0
1898 5.0 3.0 9.0
1899 5.0 3.0 10.0
1900 5.0 3.0 11.0
1901 5.0 3.0 12.0
1902 5.0 3.0 13.0
1903 5.0 3.0 14.0
1904 5.0 3.0 15.0
1905 5.0 4.0 0.0
1906 5.0 4.0 1.0
1907 5.0 4.0 2.0
1908 5.0 4.0 3.0
1909 5.0 4.0 4.0
1910 5.0 4.0 5.0
1911 5.0 4.0 6.0
1912 5.0 4.0 7.0
1913 5.0 4.0 8.0
1914 5.0 4.0 9.0
1915 5.0 4.0 10.0
1916 5.0 4.0 11.0
1917 5.0 4.0 12.0
1918 5.0 4.0 13.0
1919 5.0 4.0 14.0
1920 5.0 4.0 15.0
1921 5.0 5.0 0.0
1922 5.0 5.0 1.0
1923 5.0 5.0 2.0
1924 5.0 5.0 3.0
1925 5.0 5.0 4.0
1926 5.0 5.0 5.0
1927 5.0 5.0 6.0
1928 5.0 5.0 7.0
1929 5.0 5.0 8.0
1930 5.0 5.0 9.0
1931 5.0 5.0 10.0
1932 5.0 5.0 11.0
1933 5.0 5.0 12.0
1934 5.0 5.0 13.0
1935 5.0 5.0 14.0
1936 5.0 5.0 15.0
